Time (seconds), Duration (seconds),pred_unlabeled,pred_east,pred_north,pred_west
0.00000,0.49994,1.00000,0.00000,0.00000,0.00000
0.06250,0.49994,1.00000,0.00000,0.00000,0.00000
0.12500,0.49994,0.24503,0.75486,0.00011,0.00000
0.18750,0.49994,0.06816,0.93182,0.00001,0.00000
0.25000,0.49994,0.06495,0.93504,0.00001,0.00000
0.31250,0.49994,0.06496,0.93504,0.00001,0.00000
0.37500,0.49994,0.07208,0.92791,0.00000,0.00000
0.43750,0.49994,0.06698,0.93302,0.00000,0.00000
0.50000,0.49994,0.08272,0.91728,0.00000,0.00000
0.56250,0.49994,0.08613,0.91387,0.00000,0.00000
0.62500,0.49994,0.15922,0.84078,0.00000,0.00000
0.68750,0.49994,0.20082,0.79917,0.00001,0.00000
0.75000,0.49994,0.21901,0.78097,0.00003,0.00000
0.81250,0.49994,0.28537,0.71451,0.00012,0.00000
0.87500,0.49994,0.34803,0.64934,0.00263,0.00000
0.93750,0.49994,0.55148,0.43729,0.01122,0.00000
1.00000,0.49994,0.65004,0.34959,0.00038,0.00000
1.06250,0.49994,0.63181,0.36799,0.00021,0.00000
1.12500,0.49994,0.44352,0.55637,0.00011,0.00000
1.18750,0.49994,0.26773,0.73223,0.00004,0.00000
1.25000,0.49994,0.14539,0.85460,0.00001,0.00000
1.31250,0.49994,0.10773,0.89226,0.00000,0.00000
1.37500,0.49994,0.04537,0.95463,0.00000,0.00000
1.43750,0.49994,0.01454,0.98546,0.00000,0.00000
1.50000,0.49994,0.00643,0.99357,0.00000,0.00000
1.56250,0.49994,0.00408,0.99592,0.00000,0.00000
1.62500,0.49994,0.00356,0.99644,0.00000,0.00000
1.68750,0.49994,0.00304,0.99696,0.00000,0.00000
1.75000,0.49994,0.00212,0.99788,0.00000,0.00000
1.81250,0.49994,0.00156,0.99844,0.00000,0.00000
1.87500,0.49994,0.00237,0.99763,0.00000,0.00000
1.93750,0.49994,0.00288,0.99712,0.00000,0.00000
2.00000,0.49994,0.00352,0.99648,0.00000,0.00000
2.06250,0.49994,0.00429,0.99571,0.00000,0.00000
2.12500,0.49994,0.00520,0.99479,0.00000,0.00000
2.18750,0.49994,0.00961,0.99039,0.00000,0.00000
2.25000,0.49994,0.03475,0.96525,0.00000,0.00000
2.31250,0.49994,0.04330,0.95670,0.00000,0.00000
2.37500,0.49994,0.05038,0.94962,0.00000,0.00000
2.43750,0.49994,0.05468,0.94532,0.00000,0.00000
2.50000,0.49994,0.05538,0.94462,0.00000,0.00000
2.56250,0.49994,0.05703,0.94297,0.00000,0.00000
2.62500,0.49994,0.05549,0.94451,0.00000,0.00000
2.68750,0.49994,0.04547,0.95453,0.00000,0.00000
2.75000,0.49994,0.02357,0.97643,0.00000,0.00000
2.81250,0.49994,0.01888,0.98112,0.00000,0.00000
2.87500,0.49994,0.01100,0.98900,0.00000,0.00000
2.93750,0.49994,0.00635,0.99365,0.00000,0.00000
3.00000,0.49994,0.00375,0.99625,0.00000,0.00000
3.06250,0.49994,0.00179,0.99821,0.00000,0.00000
3.12500,0.49994,0.00113,0.99887,0.00000,0.00000
3.18750,0.49994,0.00196,0.99804,0.00000,0.00000
3.25000,0.49994,0.00159,0.99841,0.00000,0.00000
3.31250,0.49994,0.00191,0.99809,0.00000,0.00000
3.37500,0.49994,0.00186,0.99814,0.00000,0.00000
3.43750,0.49994,0.00253,0.99747,0.00000,0.00000
3.50000,0.49994,0.00214,0.99786,0.00000,0.00000
3.56250,0.49994,0.00377,0.99623,0.00000,0.00000
3.62500,0.49994,0.00519,0.99481,0.00000,0.00000
3.68750,0.49994,0.00326,0.99674,0.00000,0.00000
3.75000,0.49994,0.00544,0.99456,0.00000,0.00000
3.81250,0.49994,0.01216,0.98784,0.00000,0.00000
3.87500,0.49994,0.01749,0.98251,0.00000,0.00000
3.93750,0.49994,0.01788,0.98212,0.00000,0.00000
4.00000,0.49994,0.02406,0.97594,0.00000,0.00000
4.06250,0.49994,0.01826,0.98174,0.00000,0.00000
4.12500,0.49994,0.01315,0.98685,0.00000,0.00000
4.18750,0.49994,0.00853,0.99147,0.00000,0.00000
4.25000,0.49994,0.00685,0.99315,0.00000,0.00000
4.31250,0.49994,0.00292,0.99708,0.00000,0.00000
4.37500,0.49994,0.00267,0.99733,0.00000,0.00000
4.43750,0.49994,0.00282,0.99718,0.00000,0.00000
4.50000,0.49994,0.00213,0.99787,0.00000,0.00000
4.56250,0.49994,0.00200,0.99800,0.00000,0.00000
4.62500,0.49994,0.00207,0.99793,0.00000,0.00000
4.68750,0.49994,0.00281,0.99719,0.00000,0.00000
4.75000,0.49994,0.00327,0.99673,0.00000,0.00000
4.81250,0.49994,0.00734,0.99266,0.00000,0.00000
4.87500,0.49994,0.00804,0.99196,0.00000,0.00000
4.93750,0.49994,0.01121,0.98879,0.00000,0.00000
5.00000,0.49994,0.01665,0.98335,0.00000,0.00000
5.06250,0.49994,0.02765,0.97235,0.00000,0.00000
5.12500,0.49994,0.05282,0.94718,0.00000,0.00000
5.18750,0.49994,0.05487,0.94513,0.00000,0.00000
5.25000,0.49994,0.07158,0.92842,0.00000,0.00000
5.31250,0.49994,0.04642,0.95358,0.00000,0.00000
5.37500,0.49994,0.05330,0.94670,0.00000,0.00000
5.43750,0.49994,0.03496,0.96504,0.00000,0.00000
5.50000,0.49994,0.02935,0.97065,0.00000,0.00000
5.56250,0.49994,0.01772,0.98228,0.00000,0.00000
5.62500,0.49994,0.01091,0.98909,0.00000,0.00000
5.68750,0.49994,0.00863,0.99137,0.00000,0.00000
5.75000,0.49994,0.00493,0.99506,0.00000,0.00000
5.81250,0.49994,0.00319,0.99681,0.00000,0.00000
5.87500,0.49994,0.00224,0.99776,0.00000,0.00000
5.93750,0.49994,0.00271,0.99728,0.00000,0.00000
6.00000,0.49994,0.00276,0.99721,0.00003,0.00000
6.06250,0.49994,0.00300,0.99695,0.00005,0.00000
6.12500,0.49994,0.00430,0.99556,0.00014,0.00000
6.18750,0.49994,0.00543,0.99450,0.00007,0.00000
6.25000,0.49994,0.00690,0.99300,0.00010,0.00000
6.31250,0.49994,0.00932,0.99062,0.00006,0.00000
6.37500,0.49994,0.01207,0.98788,0.00005,0.00000
6.43750,0.49994,0.01546,0.98448,0.00005,0.00000
6.50000,0.49994,0.02352,0.97646,0.00002,0.00000
6.56250,0.49994,0.05708,0.94291,0.00001,0.00000
6.62500,0.49994,0.04547,0.95452,0.00001,0.00000
6.68750,0.49994,0.06140,0.93859,0.00000,0.00000
6.75000,0.49994,0.09564,0.90435,0.00000,0.00000
6.81250,0.49994,0.14211,0.85789,0.00000,0.00000
6.87500,0.49994,0.15815,0.84185,0.00000,0.00000
6.93750,0.49994,0.21990,0.78010,0.00000,0.00000
7.00000,0.49994,0.33439,0.66561,0.00000,0.00000
7.06250,0.49994,0.37547,0.62453,0.00000,0.00000
7.12500,0.49994,0.79584,0.20416,0.00000,0.00000
7.18750,0.49994,0.98415,0.01584,0.00000,0.00000
7.25000,0.49994,0.99720,0.00279,0.00001,0.00000
7.31250,0.49994,0.99996,0.00003,0.00001,0.00000
7.37500,0.49994,1.00000,0.00000,0.00000,0.00000
7.43750,0.49994,1.00000,0.00000,0.00000,0.00000
7.50000,0.49994,1.00000,0.00000,0.00000,0.00000
7.56250,0.49994,1.00000,0.00000,0.00000,0.00000
7.62500,0.49994,1.00000,0.00000,0.00000,0.00000
7.68750,0.49994,1.00000,0.00000,0.00000,0.00000
7.75000,0.49994,1.00000,0.00000,0.00000,0.00000
7.81250,0.49994,1.00000,0.00000,0.00000,0.00000
7.87500,0.49994,1.00000,0.00000,0.00000,0.00000
7.93750,0.49994,1.00000,0.00000,0.00000,0.00000
8.00000,0.49994,1.00000,0.00000,0.00000,0.00000
8.06250,0.49994,1.00000,0.00000,0.00000,0.00000
8.12500,0.49994,1.00000,0.00000,0.00000,0.00000
8.18750,0.49994,1.00000,0.00000,0.00000,0.00000
8.25000,0.49994,1.00000,0.00000,0.00000,0.00000
8.31250,0.49994,1.00000,0.00000,0.00000,0.00000
8.37500,0.49994,1.00000,0.00000,0.00000,0.00000
8.43750,0.49994,1.00000,0.00000,0.00000,0.00000
8.50000,0.49994,1.00000,0.00000,0.00000,0.00000
8.56250,0.49994,1.00000,0.00000,0.00000,0.00000
8.62500,0.49994,1.00000,0.00000,0.00000,0.00000
8.68750,0.49994,1.00000,0.00000,0.00000,0.00000
8.75000,0.49994,1.00000,0.00000,0.00000,0.00000
8.81250,0.49994,1.00000,0.00000,0.00000,0.00000
8.87500,0.49994,1.00000,0.00000,0.00000,0.00000
8.93750,0.49994,1.00000,0.00000,0.00000,0.00000
9.00000,0.49994,1.00000,0.00000,0.00000,0.00000
9.06250,0.49994,1.00000,0.00000,0.00000,0.00000
9.12500,0.49994,1.00000,0.00000,0.00000,0.00000
9.18750,0.49994,1.00000,0.00000,0.00000,0.00000
9.25000,0.49994,1.00000,0.00000,0.00000,0.00000
9.31250,0.49994,1.00000,0.00000,0.00000,0.00000
