Time (seconds), Duration (seconds),pred_unlabeled,pred_east,pred_north,pred_west
0.00000,0.49994,1.00000,0.00000,0.00000,0.00000
0.06250,0.49994,0.99825,0.00000,0.00000,0.00175
0.12500,0.49994,0.00458,0.00000,0.00000,0.99541
0.18750,0.49994,0.00373,0.00000,0.00000,0.99627
0.25000,0.49994,0.00129,0.00000,0.00000,0.99871
0.31250,0.49994,0.00124,0.00000,0.00000,0.99876
0.37500,0.49994,0.00064,0.00000,0.00000,0.99936
0.43750,0.49994,0.00039,0.00000,0.00000,0.99961
0.50000,0.49994,0.00016,0.00000,0.00000,0.99984
0.56250,0.49994,0.00004,0.00000,0.00000,0.99996
0.62500,0.49994,0.00003,0.00000,0.00000,0.99997
0.68750,0.49994,0.00001,0.00000,0.00000,0.99999
0.75000,0.49994,0.00001,0.00000,0.00000,0.99999
0.81250,0.49994,0.00001,0.00000,0.00000,0.99999
0.87500,0.49994,0.00001,0.00000,0.00000,0.99999
0.93750,0.49994,0.00001,0.00000,0.00000,0.99999
1.00000,0.49994,0.00001,0.00000,0.00000,0.99999
1.06250,0.49994,0.00002,0.00000,0.00000,0.99998
1.12500,0.49994,0.00003,0.00000,0.00000,0.99997
1.18750,0.49994,0.00004,0.00000,0.00001,0.99995
1.25000,0.49994,0.00007,0.00000,0.00001,0.99992
1.31250,0.49994,0.00019,0.00000,0.00006,0.99975
1.37500,0.49994,0.00030,0.00000,0.00007,0.99964
1.43750,0.49994,0.00112,0.00000,0.00005,0.99883
1.50000,0.49994,0.00168,0.00000,0.00006,0.99826
1.56250,0.49994,0.00136,0.00000,0.00004,0.99860
1.62500,0.49994,0.00058,0.00000,0.00001,0.99941
1.68750,0.49994,0.00036,0.00000,0.00000,0.99963
1.75000,0.49994,0.00023,0.00000,0.00000,0.99977
1.81250,0.49994,0.00008,0.00000,0.00000,0.99992
1.87500,0.49994,0.00008,0.00000,0.00000,0.99992
1.93750,0.49994,0.00002,0.00000,0.00000,0.99998
2.00000,0.49994,0.00001,0.00000,0.00000,0.99999
2.06250,0.49994,0.00000,0.00000,0.00000,1.00000
2.12500,0.49994,0.00000,0.00000,0.00000,1.00000
2.18750,0.49994,0.00000,0.00000,0.00000,1.00000
2.25000,0.49994,0.00000,0.00000,0.00000,1.00000
2.31250,0.49994,0.00000,0.00000,0.00000,1.00000
2.37500,0.49994,0.00000,0.00000,0.00000,1.00000
2.43750,0.49994,0.00001,0.00000,0.00000,0.99999
2.50000,0.49994,0.00003,0.00000,0.00000,0.99997
2.56250,0.49994,0.00007,0.00000,0.00000,0.99993
2.62500,0.49994,0.00033,0.00000,0.00000,0.99967
2.68750,0.49994,0.00124,0.00000,0.00000,0.99876
2.75000,0.49994,0.00155,0.00000,0.00000,0.99845
2.81250,0.49994,0.00182,0.00000,0.00001,0.99817
2.87500,0.49994,0.00203,0.00000,0.00001,0.99796
2.93750,0.49994,0.00136,0.00000,0.00001,0.99862
3.00000,0.49994,0.00116,0.00000,0.00001,0.99883
3.06250,0.49994,0.00022,0.00000,0.00006,0.99971
3.12500,0.49994,0.00007,0.00000,0.00006,0.99987
3.18750,0.49994,0.00002,0.00000,0.00007,0.99991
3.25000,0.49994,0.00001,0.00000,0.00005,0.99995
3.31250,0.49994,0.00000,0.00000,0.00002,0.99998
3.37500,0.49994,0.00000,0.00000,0.00002,0.99998
3.43750,0.49994,0.00000,0.00000,0.00002,0.99998
3.50000,0.49994,0.00000,0.00000,0.00002,0.99998
3.56250,0.49994,0.00000,0.00000,0.00000,1.00000
3.62500,0.49994,0.00000,0.00000,0.00000,1.00000
3.68750,0.49994,0.00000,0.00000,0.00000,1.00000
3.75000,0.49994,0.00001,0.00000,0.00000,0.99999
3.81250,0.49994,0.00002,0.00000,0.00000,0.99998
3.87500,0.49994,0.00005,0.00000,0.00000,0.99995
3.93750,0.49994,0.00014,0.00000,0.00000,0.99986
4.00000,0.49994,0.00040,0.00000,0.00000,0.99960
4.06250,0.49994,0.00169,0.00000,0.00000,0.99831
4.12500,0.49994,0.00396,0.00000,0.00000,0.99604
4.18750,0.49994,0.01101,0.00000,0.00000,0.98899
4.25000,0.49994,0.00609,0.00000,0.00000,0.99391
4.31250,0.49994,0.00522,0.00000,0.00000,0.99477
4.37500,0.49994,0.00641,0.00000,0.00000,0.99359
4.43750,0.49994,0.00381,0.00000,0.00001,0.99618
4.50000,0.49994,0.00193,0.00000,0.00005,0.99802
4.56250,0.49994,0.00093,0.00000,0.00010,0.99897
4.62500,0.49994,0.00079,0.00000,0.00009,0.99911
4.68750,0.49994,0.00044,0.00000,0.00006,0.99949
4.75000,0.49994,0.00032,0.00000,0.00002,0.99966
4.81250,0.49994,0.00027,0.00000,0.00001,0.99972
4.87500,0.49994,0.00009,0.00000,0.00002,0.99989
4.93750,0.49994,0.00008,0.00000,0.00001,0.99991
5.00000,0.49994,0.00005,0.00000,0.00000,0.99994
5.06250,0.49994,0.00003,0.00000,0.00000,0.99996
5.12500,0.49994,0.00003,0.00000,0.00001,0.99996
5.18750,0.49994,0.00002,0.00000,0.00001,0.99998
5.25000,0.49994,0.00002,0.00000,0.00003,0.99995
5.31250,0.49994,0.00003,0.00000,0.00007,0.99989
5.37500,0.49994,0.00004,0.00000,0.00012,0.99983
5.43750,0.49994,0.00012,0.00000,0.00018,0.99970
5.50000,0.49994,0.00029,0.00000,0.00031,0.99940
5.56250,0.49994,0.00110,0.00000,0.00012,0.99878
5.62500,0.49994,0.00299,0.00000,0.00010,0.99691
5.68750,0.49994,0.01415,0.00000,0.00006,0.98579
5.75000,0.49994,0.04121,0.00000,0.00006,0.95873
5.81250,0.49994,0.11411,0.00000,0.00002,0.88587
5.87500,0.49994,0.28265,0.00000,0.00002,0.71733
5.93750,0.49994,0.37497,0.00000,0.00002,0.62502
6.00000,0.49994,0.49958,0.00000,0.00001,0.50041
6.06250,0.49994,0.51731,0.00000,0.00001,0.48268
6.12500,0.49994,0.56667,0.00000,0.00001,0.43332
6.18750,0.49994,0.65389,0.00000,0.00001,0.34610
6.25000,0.49994,0.65904,0.00000,0.00000,0.34096
6.31250,0.49994,0.78911,0.00000,0.00001,0.21088
6.37500,0.49994,0.93947,0.00000,0.00001,0.06052
6.43750,0.49994,0.97836,0.00000,0.00000,0.02164
6.50000,0.49994,0.99747,0.00000,0.00000,0.00253
6.56250,0.49994,0.99913,0.00000,0.00000,0.00087
6.62500,0.49994,0.99952,0.00000,0.00000,0.00048
6.68750,0.49994,0.99971,0.00000,0.00000,0.00029
6.75000,0.49994,0.99981,0.00000,0.00000,0.00019
6.81250,0.49994,0.99943,0.00000,0.00001,0.00056
6.87500,0.49994,0.99780,0.00000,0.00001,0.00219
6.93750,0.49994,0.99754,0.00000,0.00001,0.00245
7.00000,0.49994,0.99452,0.00000,0.00002,0.00546
7.06250,0.49994,0.99307,0.00000,0.00002,0.00692
7.12500,0.49994,0.99632,0.00000,0.00001,0.00367
7.18750,0.49994,0.99863,0.00000,0.00001,0.00137
7.25000,0.49994,0.99957,0.00000,0.00000,0.00043
7.31250,0.49994,0.99993,0.00000,0.00000,0.00007
7.37500,0.49994,0.99997,0.00000,0.00000,0.00002
7.43750,0.49994,0.99997,0.00000,0.00000,0.00003
7.50000,0.49994,0.99996,0.00000,0.00000,0.00003
7.56250,0.49994,0.99996,0.00000,0.00000,0.00003
7.62500,0.49994,0.99995,0.00000,0.00001,0.00004
7.68750,0.49994,0.99992,0.00000,0.00001,0.00007
7.75000,0.49994,0.99986,0.00000,0.00001,0.00013
