Time (seconds), Duration (seconds),pred_unlabeled,pred_east,pred_north,pred_west
0.00000,0.49994,1.00000,0.00000,0.00000,0.00000
0.06250,0.49994,1.00000,0.00000,0.00000,0.00000
0.12500,0.49994,0.04628,0.00000,0.95372,0.00000
0.18750,0.49994,0.00377,0.00000,0.99623,0.00000
0.25000,0.49994,0.00243,0.00000,0.99757,0.00000
0.31250,0.49994,0.00109,0.00000,0.99891,0.00000
0.37500,0.49994,0.00024,0.00000,0.99976,0.00000
0.43750,0.49994,0.00019,0.00000,0.99981,0.00000
0.50000,0.49994,0.00005,0.00000,0.99995,0.00000
0.56250,0.49994,0.00003,0.00000,0.99997,0.00000
0.62500,0.49994,0.00003,0.00000,0.99997,0.00000
0.68750,0.49994,0.00001,0.00000,0.99999,0.00000
0.75000,0.49994,0.00001,0.00000,0.99999,0.00000
0.81250,0.49994,0.00001,0.00000,0.99999,0.00000
0.87500,0.49994,0.00000,0.00000,1.00000,0.00000
0.93750,0.49994,0.00000,0.00000,1.00000,0.00000
1.00000,0.49994,0.00000,0.00000,1.00000,0.00000
1.06250,0.49994,0.00000,0.00000,1.00000,0.00000
1.12500,0.49994,0.00001,0.00000,0.99999,0.00000
1.18750,0.49994,0.00001,0.00000,0.99999,0.00000
1.25000,0.49994,0.00001,0.00000,0.99999,0.00000
1.31250,0.49994,0.00003,0.00000,0.99997,0.00000
1.37500,0.49994,0.00008,0.00000,0.99992,0.00000
1.43750,0.49994,0.00015,0.00000,0.99985,0.00000
1.50000,0.49994,0.00016,0.00000,0.99984,0.00000
1.56250,0.49994,0.00017,0.00000,0.99983,0.00000
1.62500,0.49994,0.00006,0.00000,0.99994,0.00000
1.68750,0.49994,0.00004,0.00000,0.99996,0.00000
1.75000,0.49994,0.00002,0.00000,0.99998,0.00000
1.81250,0.49994,0.00001,0.00000,0.99999,0.00000
1.87500,0.49994,0.00001,0.00000,0.99999,0.00000
1.93750,0.49994,0.00001,0.00000,0.99999,0.00000
2.00000,0.49994,0.00001,0.00000,0.99999,0.00000
2.06250,0.49994,0.00001,0.00000,0.99999,0.00000
2.12500,0.49994,0.00001,0.00000,0.99999,0.00000
2.18750,0.49994,0.00002,0.00001,0.99997,0.00000
2.25000,0.49994,0.00002,0.00000,0.99998,0.00000
2.31250,0.49994,0.00002,0.00001,0.99997,0.00000
2.37500,0.49994,0.00004,0.00001,0.99996,0.00000
2.43750,0.49994,0.00004,0.00000,0.99996,0.00000
2.50000,0.49994,0.00003,0.00000,0.99997,0.00000
2.56250,0.49994,0.00003,0.00000,0.99997,0.00000
2.62500,0.49994,0.00004,0.00000,0.99996,0.00000
2.68750,0.49994,0.00002,0.00000,0.99998,0.00000
2.75000,0.49994,0.00001,0.00000,0.99999,0.00000
2.81250,0.49994,0.00001,0.00000,0.99999,0.00000
2.87500,0.49994,0.00000,0.00000,1.00000,0.00000
2.93750,0.49994,0.00000,0.00000,1.00000,0.00000
3.00000,0.49994,0.00000,0.00000,1.00000,0.00000
3.06250,0.49994,0.00000,0.00000,1.00000,0.00000
3.12500,0.49994,0.00000,0.00000,1.00000,0.00000
3.18750,0.49994,0.00001,0.00000,0.99999,0.00000
3.25000,0.49994,0.00005,0.00000,0.99995,0.00000
3.31250,0.49994,0.00002,0.00000,0.99998,0.00000
3.37500,0.49994,0.00001,0.00000,0.99999,0.00000
3.43750,0.49994,0.00001,0.00002,0.99997,0.00000
3.50000,0.49994,0.00001,0.00007,0.99991,0.00000
3.56250,0.49994,0.00001,0.00006,0.99993,0.00000
3.62500,0.49994,0.00000,0.00002,0.99998,0.00000
3.68750,0.49994,0.00000,0.00001,0.99999,0.00000
3.75000,0.49994,0.00000,0.00000,1.00000,0.00000
3.81250,0.49994,0.00000,0.00000,0.99999,0.00000
3.87500,0.49994,0.00002,0.00000,0.99998,0.00000
3.93750,0.49994,0.00004,0.00000,0.99996,0.00000
4.00000,0.49994,0.00008,0.00000,0.99992,0.00000
4.06250,0.49994,0.00010,0.00000,0.99990,0.00000
4.12500,0.49994,0.00014,0.00000,0.99986,0.00000
4.18750,0.49994,0.00007,0.00000,0.99993,0.00000
4.25000,0.49994,0.00008,0.00000,0.99992,0.00000
4.31250,0.49994,0.00006,0.00000,0.99994,0.00000
4.37500,0.49994,0.00002,0.00000,0.99998,0.00000
4.43750,0.49994,0.00002,0.00000,0.99998,0.00000
4.50000,0.49994,0.00001,0.00000,0.99999,0.00000
4.56250,0.49994,0.00002,0.00000,0.99998,0.00000
4.62500,0.49994,0.00001,0.00000,0.99999,0.00000
4.68750,0.49994,0.00001,0.00000,0.99999,0.00000
4.75000,0.49994,0.00000,0.00000,1.00000,0.00000
4.81250,0.49994,0.00000,0.00000,1.00000,0.00000
4.87500,0.49994,0.00000,0.00000,1.00000,0.00000
4.93750,0.49994,0.00000,0.00000,1.00000,0.00000
5.00000,0.49994,0.00000,0.00000,1.00000,0.00000
5.06250,0.49994,0.00000,0.00000,1.00000,0.00000
5.12500,0.49994,0.00000,0.00000,1.00000,0.00000
5.18750,0.49994,0.00000,0.00000,1.00000,0.00000
5.25000,0.49994,0.00000,0.00000,1.00000,0.00000
5.31250,0.49994,0.00000,0.00000,1.00000,0.00000
5.37500,0.49994,0.00000,0.00000,1.00000,0.00000
5.43750,0.49994,0.00000,0.00000,1.00000,0.00000
5.50000,0.49994,0.00000,0.00000,1.00000,0.00000
5.56250,0.49994,0.00000,0.00000,1.00000,0.00000
5.62500,0.49994,0.00001,0.00000,0.99999,0.00000
5.68750,0.49994,0.00002,0.00000,0.99998,0.00000
5.75000,0.49994,0.00002,0.00000,0.99998,0.00000
5.81250,0.49994,0.00003,0.00000,0.99997,0.00000
5.87500,0.49994,0.00003,0.00000,0.99997,0.00000
5.93750,0.49994,0.00004,0.00000,0.99996,0.00000
6.00000,0.49994,0.00004,0.00000,0.99996,0.00000
6.06250,0.49994,0.00004,0.00000,0.99996,0.00000
6.12500,0.49994,0.00001,0.00000,0.99999,0.00000
6.18750,0.49994,0.00000,0.00000,1.00000,0.00000
6.25000,0.49994,0.00001,0.00000,0.99999,0.00000
6.31250,0.49994,0.00000,0.00000,1.00000,0.00000
6.37500,0.49994,0.00001,0.00000,0.99999,0.00000
6.43750,0.49994,0.00000,0.00000,1.00000,0.00000
6.50000,0.49994,0.00002,0.00000,0.99998,0.00000
6.56250,0.49994,0.00002,0.00000,0.99998,0.00000
6.62500,0.49994,0.00006,0.00000,0.99994,0.00000
6.68750,0.49994,0.00008,0.00000,0.99992,0.00000
6.75000,0.49994,0.00011,0.00000,0.99989,0.00000
6.81250,0.49994,0.00023,0.00000,0.99977,0.00000
6.87500,0.49994,0.00030,0.00000,0.99970,0.00000
6.93750,0.49994,0.00053,0.00000,0.99947,0.00000
7.00000,0.49994,0.00044,0.00000,0.99956,0.00000
7.06250,0.49994,0.00157,0.00000,0.99843,0.00000
7.12500,0.49994,0.00361,0.00000,0.99639,0.00000
7.18750,0.49994,0.01635,0.00000,0.98365,0.00000
7.25000,0.49994,0.03288,0.00000,0.96712,0.00000
7.31250,0.49994,0.07529,0.00000,0.92471,0.00000
7.37500,0.49994,0.09509,0.00000,0.90491,0.00000
7.43750,0.49994,0.13906,0.00000,0.86094,0.00000
7.50000,0.49994,0.29195,0.00000,0.70805,0.00000
7.56250,0.49994,0.39846,0.00000,0.60154,0.00000
7.62500,0.49994,0.78429,0.00000,0.21571,0.00000
7.68750,0.49994,0.95120,0.00000,0.04880,0.00000
7.75000,0.49994,0.99284,0.00000,0.00716,0.00000
7.81250,0.49994,0.99963,0.00000,0.00037,0.00000
7.87500,0.49994,0.99999,0.00000,0.00001,0.00000
7.93750,0.49994,1.00000,0.00000,0.00000,0.00000
8.00000,0.49994,1.00000,0.00000,0.00000,0.00000
8.06250,0.49994,1.00000,0.00000,0.00000,0.00000
8.12500,0.49994,1.00000,0.00000,0.00000,0.00000
8.18750,0.49994,1.00000,0.00000,0.00000,0.00000
8.25000,0.49994,1.00000,0.00000,0.00000,0.00000
8.31250,0.49994,1.00000,0.00000,0.00000,0.00000
8.37500,0.49994,1.00000,0.00000,0.00000,0.00000
8.43750,0.49994,1.00000,0.00000,0.00000,0.00000
8.50000,0.49994,1.00000,0.00000,0.00000,0.00000
8.56250,0.49994,1.00000,0.00000,0.00000,0.00000
8.62500,0.49994,1.00000,0.00000,0.00000,0.00000
8.68750,0.49994,1.00000,0.00000,0.00000,0.00000
8.75000,0.49994,1.00000,0.00000,0.00000,0.00000
8.81250,0.49994,1.00000,0.00000,0.00000,0.00000
8.87500,0.49994,1.00000,0.00000,0.00000,0.00000
8.93750,0.49994,1.00000,0.00000,0.00000,0.00000
9.00000,0.49994,1.00000,0.00000,0.00000,0.00000
9.06250,0.49994,1.00000,0.00000,0.00000,0.00000
9.12500,0.49994,1.00000,0.00000,0.00000,0.00000
9.18750,0.49994,1.00000,0.00000,0.00000,0.00000
9.25000,0.49994,1.00000,0.00000,0.00000,0.00000
