Time (seconds), Duration (seconds),pred_unlabeled,pred_east,pred_north,pred_west
0.00000,0.49994,1.00000,0.00000,0.00000,0.00000
0.06250,0.49994,0.99998,0.00000,0.00000,0.00002
0.12500,0.49994,0.27328,0.00001,0.00000,0.72671
0.18750,0.49994,0.27266,0.00004,0.00000,0.72731
0.25000,0.49994,0.44298,0.00010,0.00000,0.55692
0.31250,0.49994,0.18975,0.00011,0.00000,0.81014
0.37500,0.49994,0.25483,0.00002,0.00000,0.74515
0.43750,0.49994,0.36308,0.00002,0.00000,0.63690
0.50000,0.49994,0.44017,0.00003,0.00000,0.55980
0.56250,0.49994,0.43918,0.00005,0.00000,0.56077
0.62500,0.49994,0.39601,0.00014,0.00000,0.60384
0.68750,0.49994,0.38861,0.00001,0.00000,0.61138
0.75000,0.49994,0.30855,0.00000,0.00000,0.69145
0.81250,0.49994,0.37533,0.00000,0.00000,0.62467
0.87500,0.49994,0.33244,0.00000,0.00000,0.66756
0.93750,0.49994,0.23896,0.00000,0.00000,0.76104
1.00000,0.49994,0.32186,0.00000,0.00000,0.67814
1.06250,0.49994,0.43703,0.00000,0.00000,0.56297
1.12500,0.49994,0.49561,0.00000,0.00000,0.50439
1.18750,0.49994,0.61795,0.00000,0.00000,0.38205
1.25000,0.49994,0.68261,0.00000,0.00000,0.31739
1.31250,0.49994,0.83832,0.00000,0.00000,0.16168
1.37500,0.49994,0.88316,0.00000,0.00000,0.11684
1.43750,0.49994,0.90995,0.00000,0.00000,0.09005
1.50000,0.49994,0.87411,0.00000,0.00000,0.12589
1.56250,0.49994,0.87044,0.00000,0.00000,0.12956
1.62500,0.49994,0.88929,0.00000,0.00000,0.11071
1.68750,0.49994,0.76979,0.00000,0.00000,0.23020
1.75000,0.49994,0.63688,0.00000,0.00000,0.36312
1.81250,0.49994,0.27924,0.00000,0.00000,0.72076
1.87500,0.49994,0.12532,0.00003,0.00000,0.87466
1.93750,0.49994,0.09182,0.00001,0.00000,0.90816
2.00000,0.49994,0.06100,0.00002,0.00000,0.93898
2.06250,0.49994,0.04472,0.00005,0.00000,0.95523
2.12500,0.49994,0.03291,0.00003,0.00000,0.96706
2.18750,0.49994,0.01843,0.00001,0.00000,0.98156
2.25000,0.49994,0.00956,0.00000,0.00000,0.99043
2.31250,0.49994,0.01018,0.00000,0.00000,0.98982
2.37500,0.49994,0.03857,0.00000,0.00000,0.96143
2.43750,0.49994,0.03973,0.00000,0.00000,0.96027
2.50000,0.49994,0.03362,0.00000,0.00000,0.96637
2.56250,0.49994,0.04093,0.00000,0.00000,0.95907
2.62500,0.49994,0.03159,0.00000,0.00000,0.96841
2.68750,0.49994,0.04802,0.00000,0.00000,0.95198
2.75000,0.49994,0.10558,0.00000,0.00000,0.89442
2.81250,0.49994,0.32618,0.00000,0.00000,0.67382
2.87500,0.49994,0.28560,0.00000,0.00000,0.71440
2.93750,0.49994,0.57828,0.00000,0.00000,0.42172
3.00000,0.49994,0.73686,0.00000,0.00000,0.26314
3.06250,0.49994,0.70352,0.00000,0.00000,0.29648
3.12500,0.49994,0.64522,0.00000,0.00000,0.35478
3.18750,0.49994,0.64169,0.00000,0.00000,0.35831
3.25000,0.49994,0.60496,0.00000,0.00000,0.39504
3.31250,0.49994,0.26863,0.00000,0.00000,0.73136
3.37500,0.49994,0.14158,0.00000,0.00000,0.85842
3.43750,0.49994,0.04316,0.00000,0.00000,0.95684
3.50000,0.49994,0.02020,0.00000,0.00000,0.97980
3.56250,0.49994,0.02329,0.00000,0.00000,0.97670
3.62500,0.49994,0.02846,0.00000,0.00000,0.97154
3.68750,0.49994,0.02325,0.00000,0.00000,0.97675
3.75000,0.49994,0.03020,0.00000,0.00000,0.96980
3.81250,0.49994,0.02438,0.00000,0.00000,0.97562
3.87500,0.49994,0.03729,0.00000,0.00000,0.96271
3.93750,0.49994,0.04741,0.00000,0.00000,0.95259
4.00000,0.49994,0.03390,0.00000,0.00000,0.96610
4.06250,0.49994,0.02074,0.00000,0.00000,0.97926
4.12500,0.49994,0.01424,0.00000,0.00000,0.98576
4.18750,0.49994,0.01393,0.00000,0.00000,0.98607
4.25000,0.49994,0.01064,0.00000,0.00000,0.98936
4.31250,0.49994,0.01973,0.00000,0.00000,0.98027
4.37500,0.49994,0.03194,0.00000,0.00000,0.96806
4.43750,0.49994,0.01504,0.00000,0.00000,0.98496
4.50000,0.49994,0.01676,0.00000,0.00000,0.98324
4.56250,0.49994,0.00891,0.00000,0.00000,0.99109
4.62500,0.49994,0.00621,0.00000,0.00000,0.99379
4.68750,0.49994,0.00380,0.00000,0.00000,0.99620
4.75000,0.49994,0.00234,0.00000,0.00000,0.99766
4.81250,0.49994,0.00138,0.00000,0.00000,0.99862
4.87500,0.49994,0.00050,0.00000,0.00000,0.99950
4.93750,0.49994,0.00039,0.00000,0.00000,0.99961
5.00000,0.49994,0.00061,0.00000,0.00000,0.99939
5.06250,0.49994,0.00102,0.00000,0.00000,0.99898
5.12500,0.49994,0.00105,0.00000,0.00000,0.99895
5.18750,0.49994,0.00171,0.00000,0.00000,0.99829
5.25000,0.49994,0.00233,0.00000,0.00000,0.99767
5.31250,0.49994,0.00460,0.00000,0.00000,0.99540
5.37500,0.49994,0.00851,0.00000,0.00000,0.99149
5.43750,0.49994,0.01133,0.00000,0.00000,0.98867
5.50000,0.49994,0.00892,0.00000,0.00000,0.99108
5.56250,0.49994,0.00742,0.00000,0.00000,0.99258
5.62500,0.49994,0.00916,0.00000,0.00000,0.99084
5.68750,0.49994,0.01379,0.00000,0.00000,0.98621
5.75000,0.49994,0.01683,0.00000,0.00000,0.98317
5.81250,0.49994,0.01882,0.00000,0.00000,0.98118
5.87500,0.49994,0.01591,0.00000,0.00000,0.98409
5.93750,0.49994,0.03009,0.00000,0.00000,0.96991
6.00000,0.49994,0.05448,0.00000,0.00000,0.94552
6.06250,0.49994,0.09588,0.00000,0.00000,0.90412
6.12500,0.49994,0.42888,0.00000,0.00000,0.57112
6.18750,0.49994,0.51217,0.00000,0.00000,0.48783
6.25000,0.49994,0.46181,0.00000,0.00000,0.53819
6.31250,0.49994,0.33574,0.00000,0.00000,0.66426
6.37500,0.49994,0.36233,0.00000,0.00001,0.63767
6.43750,0.49994,0.26265,0.00003,0.00008,0.73724
6.50000,0.49994,0.14072,0.00015,0.00023,0.85890
6.56250,0.49994,0.15390,0.00025,0.00039,0.84546
6.62500,0.49994,0.04322,0.00004,0.00006,0.95668
6.68750,0.49994,0.01486,0.00002,0.00004,0.98508
6.75000,0.49994,0.02335,0.00000,0.00002,0.97663
6.81250,0.49994,0.03176,0.00000,0.00001,0.96823
6.87500,0.49994,0.03127,0.00000,0.00001,0.96873
6.93750,0.49994,0.13303,0.00000,0.00001,0.86696
7.00000,0.49994,0.27848,0.00000,0.00000,0.72152
7.06250,0.49994,0.34032,0.00000,0.00000,0.65968
7.12500,0.49994,0.43864,0.00000,0.00000,0.56136
7.18750,0.49994,0.70937,0.00000,0.00000,0.29063
7.25000,0.49994,0.80945,0.00000,0.00000,0.19055
7.31250,0.49994,0.84128,0.00000,0.00000,0.15872
7.37500,0.49994,0.90376,0.00000,0.00000,0.09624
7.43750,0.49994,0.83493,0.00000,0.00000,0.16507
7.50000,0.49994,0.87608,0.00000,0.00000,0.12392
7.56250,0.49994,0.94700,0.00000,0.00000,0.05300
7.62500,0.49994,0.98257,0.00000,0.00000,0.01743
7.68750,0.49994,0.98464,0.00000,0.00000,0.01536
7.75000,0.49994,0.99315,0.00000,0.00000,0.00685
7.81250,0.49994,0.99802,0.00000,0.00000,0.00198
7.87500,0.49994,0.99975,0.00000,0.00000,0.00025
