Time (seconds), Duration (seconds),pred_unlabeled,pred_east,pred_north,pred_west
0.00000,0.49994,1.00000,0.00000,0.00000,0.00000
0.06250,0.49994,1.00000,0.00000,0.00000,0.00000
0.12500,0.49994,0.09349,0.00001,0.90550,0.00100
0.18750,0.49994,0.01594,0.00004,0.98359,0.00044
0.25000,0.49994,0.00735,0.00000,0.99258,0.00006
0.31250,0.49994,0.00276,0.00000,0.99724,0.00000
0.37500,0.49994,0.00105,0.00000,0.99895,0.00000
0.43750,0.49994,0.00037,0.00000,0.99963,0.00000
0.50000,0.49994,0.00010,0.00000,0.99990,0.00000
0.56250,0.49994,0.00003,0.00000,0.99997,0.00000
0.62500,0.49994,0.00003,0.00000,0.99997,0.00000
0.68750,0.49994,0.00003,0.00000,0.99997,0.00000
0.75000,0.49994,0.00004,0.00000,0.99996,0.00000
0.81250,0.49994,0.00004,0.00000,0.99996,0.00000
0.87500,0.49994,0.00010,0.00000,0.99990,0.00000
0.93750,0.49994,0.00011,0.00000,0.99989,0.00000
1.00000,0.49994,0.00012,0.00000,0.99987,0.00001
1.06250,0.49994,0.00015,0.00001,0.99983,0.00001
1.12500,0.49994,0.00014,0.00002,0.99983,0.00002
1.18750,0.49994,0.00006,0.00001,0.99993,0.00001
1.25000,0.49994,0.00002,0.00000,0.99998,0.00000
1.31250,0.49994,0.00001,0.00000,0.99999,0.00000
1.37500,0.49994,0.00000,0.00000,1.00000,0.00000
1.43750,0.49994,0.00000,0.00000,1.00000,0.00000
1.50000,0.49994,0.00001,0.00000,0.99999,0.00000
1.56250,0.49994,0.00002,0.00000,0.99998,0.00000
1.62500,0.49994,0.00004,0.00000,0.99996,0.00000
1.68750,0.49994,0.00003,0.00000,0.99997,0.00000
1.75000,0.49994,0.00007,0.00000,0.99993,0.00000
1.81250,0.49994,0.00004,0.00000,0.99996,0.00000
1.87500,0.49994,0.00003,0.00000,0.99997,0.00000
1.93750,0.49994,0.00004,0.00000,0.99996,0.00000
2.00000,0.49994,0.00001,0.00000,0.99999,0.00000
2.06250,0.49994,0.00001,0.00000,0.99999,0.00000
2.12500,0.49994,0.00000,0.00000,1.00000,0.00000
2.18750,0.49994,0.00000,0.00000,1.00000,0.00000
2.25000,0.49994,0.00000,0.00000,1.00000,0.00000
2.31250,0.49994,0.00000,0.00000,1.00000,0.00000
2.37500,0.49994,0.00000,0.00000,1.00000,0.00000
2.43750,0.49994,0.00000,0.00000,1.00000,0.00000
2.50000,0.49994,0.00000,0.00001,0.99999,0.00000
2.56250,0.49994,0.00000,0.00002,0.99998,0.00000
2.62500,0.49994,0.00000,0.00004,0.99996,0.00000
2.68750,0.49994,0.00000,0.00004,0.99996,0.00000
2.75000,0.49994,0.00000,0.00006,0.99994,0.00000
2.81250,0.49994,0.00000,0.00004,0.99996,0.00000
2.87500,0.49994,0.00001,0.00002,0.99998,0.00000
2.93750,0.49994,0.00001,0.00000,0.99999,0.00000
3.00000,0.49994,0.00001,0.00000,0.99999,0.00000
3.06250,0.49994,0.00001,0.00000,0.99999,0.00000
3.12500,0.49994,0.00001,0.00000,0.99999,0.00000
3.18750,0.49994,0.00001,0.00000,0.99999,0.00000
3.25000,0.49994,0.00002,0.00000,0.99998,0.00000
3.31250,0.49994,0.00001,0.00000,0.99999,0.00000
3.37500,0.49994,0.00001,0.00000,0.99999,0.00000
3.43750,0.49994,0.00001,0.00000,0.99999,0.00000
3.50000,0.49994,0.00001,0.00000,0.99999,0.00000
3.56250,0.49994,0.00000,0.00000,1.00000,0.00000
3.62500,0.49994,0.00001,0.00000,0.99999,0.00000
3.68750,0.49994,0.00002,0.00000,0.99998,0.00000
3.75000,0.49994,0.00001,0.00000,0.99998,0.00000
3.81250,0.49994,0.00000,0.00001,0.99999,0.00000
3.87500,0.49994,0.00000,0.00002,0.99998,0.00000
3.93750,0.49994,0.00000,0.00003,0.99997,0.00000
4.00000,0.49994,0.00000,0.00004,0.99996,0.00000
4.06250,0.49994,0.00000,0.00005,0.99995,0.00000
4.12500,0.49994,0.00000,0.00002,0.99998,0.00000
4.18750,0.49994,0.00000,0.00002,0.99998,0.00000
4.25000,0.49994,0.00000,0.00001,0.99999,0.00000
4.31250,0.49994,0.00000,0.00002,0.99998,0.00000
4.37500,0.49994,0.00000,0.00001,0.99999,0.00000
4.43750,0.49994,0.00000,0.00000,0.99999,0.00000
4.50000,0.49994,0.00001,0.00000,0.99999,0.00000
4.56250,0.49994,0.00001,0.00000,0.99999,0.00000
4.62500,0.49994,0.00000,0.00000,1.00000,0.00000
4.68750,0.49994,0.00000,0.00000,1.00000,0.00000
4.75000,0.49994,0.00000,0.00000,1.00000,0.00000
4.81250,0.49994,0.00000,0.00000,1.00000,0.00000
4.87500,0.49994,0.00000,0.00000,1.00000,0.00000
4.93750,0.49994,0.00000,0.00000,1.00000,0.00000
5.00000,0.49994,0.00000,0.00000,1.00000,0.00000
5.06250,0.49994,0.00000,0.00000,1.00000,0.00000
5.12500,0.49994,0.00001,0.00000,0.99999,0.00000
5.18750,0.49994,0.00000,0.00000,1.00000,0.00000
5.25000,0.49994,0.00000,0.00000,1.00000,0.00000
5.31250,0.49994,0.00000,0.00000,0.99999,0.00000
5.37500,0.49994,0.00001,0.00009,0.99990,0.00000
5.43750,0.49994,0.00002,0.00041,0.99956,0.00000
5.50000,0.49994,0.00001,0.00017,0.99982,0.00000
5.56250,0.49994,0.00001,0.00009,0.99990,0.00000
5.62500,0.49994,0.00000,0.00009,0.99991,0.00000
5.68750,0.49994,0.00000,0.00001,0.99998,0.00000
5.75000,0.49994,0.00000,0.00000,0.99999,0.00000
5.81250,0.49994,0.00000,0.00000,0.99999,0.00000
5.87500,0.49994,0.00000,0.00000,1.00000,0.00000
5.93750,0.49994,0.00000,0.00000,1.00000,0.00000
6.00000,0.49994,0.00000,0.00000,1.00000,0.00000
6.06250,0.49994,0.00000,0.00000,1.00000,0.00000
6.12500,0.49994,0.00000,0.00000,1.00000,0.00000
6.18750,0.49994,0.00000,0.00000,1.00000,0.00000
6.25000,0.49994,0.00000,0.00000,1.00000,0.00000
6.31250,0.49994,0.00000,0.00000,1.00000,0.00000
6.37500,0.49994,0.00000,0.00000,1.00000,0.00000
6.43750,0.49994,0.00000,0.00000,1.00000,0.00000
6.50000,0.49994,0.00001,0.00000,0.99999,0.00000
6.56250,0.49994,0.00004,0.00000,0.99996,0.00000
6.62500,0.49994,0.00008,0.00000,0.99992,0.00000
6.68750,0.49994,0.00009,0.00000,0.99991,0.00000
6.75000,0.49994,0.00005,0.00000,0.99995,0.00000
6.81250,0.49994,0.00007,0.00001,0.99993,0.00000
6.87500,0.49994,0.00005,0.00003,0.99992,0.00000
6.93750,0.49994,0.00002,0.00002,0.99996,0.00000
7.00000,0.49994,0.00002,0.00003,0.99995,0.00000
7.06250,0.49994,0.00002,0.00002,0.99996,0.00000
7.12500,0.49994,0.00001,0.00003,0.99995,0.00000
7.18750,0.49994,0.00001,0.00008,0.99991,0.00000
7.25000,0.49994,0.00002,0.00005,0.99993,0.00000
7.31250,0.49994,0.00004,0.00002,0.99995,0.00000
7.37500,0.49994,0.00008,0.00001,0.99991,0.00000
7.43750,0.49994,0.00018,0.00000,0.99982,0.00000
7.50000,0.49994,0.00016,0.00000,0.99984,0.00000
7.56250,0.49994,0.00023,0.00000,0.99977,0.00000
7.62500,0.49994,0.00073,0.00000,0.99927,0.00000
7.68750,0.49994,0.00167,0.00000,0.99833,0.00000
7.75000,0.49994,0.00488,0.00000,0.99512,0.00000
7.81250,0.49994,0.00650,0.00000,0.99350,0.00000
7.87500,0.49994,0.00684,0.00000,0.99316,0.00000
7.93750,0.49994,0.01193,0.00000,0.98807,0.00000
8.00000,0.49994,0.03004,0.00000,0.96996,0.00000
8.06250,0.49994,0.14287,0.00000,0.85713,0.00000
8.12500,0.49994,0.66735,0.00000,0.33265,0.00000
8.18750,0.49994,0.93032,0.00000,0.06968,0.00000
8.25000,0.49994,0.99797,0.00000,0.00203,0.00000
8.31250,0.49994,0.99997,0.00000,0.00003,0.00000
8.37500,0.49994,1.00000,0.00000,0.00000,0.00000
8.43750,0.49994,1.00000,0.00000,0.00000,0.00000
8.50000,0.49994,1.00000,0.00000,0.00000,0.00000
8.56250,0.49994,1.00000,0.00000,0.00000,0.00000
8.62500,0.49994,1.00000,0.00000,0.00000,0.00000
8.68750,0.49994,1.00000,0.00000,0.00000,0.00000
8.75000,0.49994,1.00000,0.00000,0.00000,0.00000
8.81250,0.49994,1.00000,0.00000,0.00000,0.00000
8.87500,0.49994,1.00000,0.00000,0.00000,0.00000
8.93750,0.49994,1.00000,0.00000,0.00000,0.00000
9.00000,0.49994,1.00000,0.00000,0.00000,0.00000
9.06250,0.49994,1.00000,0.00000,0.00000,0.00000
9.12500,0.49994,1.00000,0.00000,0.00000,0.00000
9.18750,0.49994,1.00000,0.00000,0.00000,0.00000
9.25000,0.49994,1.00000,0.00000,0.00000,0.00000
9.31250,0.49994,1.00000,0.00000,0.00000,0.00000
9.37500,0.49994,1.00000,0.00000,0.00000,0.00000
9.43750,0.49994,1.00000,0.00000,0.00000,0.00000
9.50000,0.49994,1.00000,0.00000,0.00000,0.00000
9.56250,0.49994,1.00000,0.00000,0.00000,0.00000
