Time (seconds), Duration (seconds),pred_unlabeled,pred_east,pred_north,pred_west
0.00000,0.49994,1.00000,0.00000,0.00000,0.00000
0.06250,0.49994,0.99999,0.00000,0.00000,0.00001
0.12500,0.49994,0.99745,0.00000,0.00000,0.00255
0.18750,0.49994,0.99335,0.00000,0.00000,0.00665
0.25000,0.49994,0.97657,0.00000,0.00000,0.02343
0.31250,0.49994,0.90693,0.00000,0.00000,0.09307
0.37500,0.49994,0.71170,0.00000,0.00000,0.28830
0.43750,0.49994,0.47577,0.00000,0.00000,0.52423
0.50000,0.49994,0.33288,0.00000,0.00000,0.66712
0.56250,0.49994,0.22229,0.00000,0.00000,0.77771
0.62500,0.49994,0.17352,0.00000,0.00000,0.82648
0.68750,0.49994,0.12480,0.00000,0.00000,0.87520
0.75000,0.49994,0.08783,0.00000,0.00000,0.91217
0.81250,0.49994,0.06012,0.00000,0.00000,0.93988
0.87500,0.49994,0.04950,0.00000,0.00000,0.95050
0.93750,0.49994,0.04579,0.00000,0.00000,0.95421
1.00000,0.49994,0.04012,0.00000,0.00000,0.95988
1.06250,0.49994,0.02951,0.00000,0.00000,0.97049
1.12500,0.49994,0.01679,0.00000,0.00000,0.98321
1.18750,0.49994,0.01466,0.00000,0.00000,0.98534
1.25000,0.49994,0.01618,0.00000,0.00000,0.98382
1.31250,0.49994,0.01706,0.00000,0.00000,0.98294
1.37500,0.49994,0.01521,0.00000,0.00000,0.98479
1.43750,0.49994,0.00862,0.00000,0.00000,0.99138
1.50000,0.49994,0.00924,0.00000,0.00000,0.99076
1.56250,0.49994,0.00904,0.00000,0.00000,0.99096
1.62500,0.49994,0.00891,0.00000,0.00000,0.99109
1.68750,0.49994,0.00885,0.00000,0.00000,0.99115
1.75000,0.49994,0.00617,0.00000,0.00000,0.99382
1.81250,0.49994,0.00466,0.00000,0.00000,0.99534
1.87500,0.49994,0.00461,0.00000,0.00000,0.99538
1.93750,0.49994,0.00498,0.00000,0.00000,0.99502
2.00000,0.49994,0.00287,0.00000,0.00000,0.99713
2.06250,0.49994,0.00249,0.00000,0.00000,0.99751
2.12500,0.49994,0.00186,0.00000,0.00000,0.99813
2.18750,0.49994,0.00163,0.00000,0.00000,0.99837
2.25000,0.49994,0.00160,0.00000,0.00001,0.99839
2.31250,0.49994,0.00124,0.00000,0.00001,0.99875
2.37500,0.49994,0.00110,0.00000,0.00001,0.99889
2.43750,0.49994,0.00081,0.00000,0.00002,0.99917
2.50000,0.49994,0.00101,0.00000,0.00001,0.99897
2.56250,0.49994,0.00120,0.00000,0.00002,0.99878
2.62500,0.49994,0.00149,0.00000,0.00002,0.99849
2.68750,0.49994,0.00213,0.00000,0.00001,0.99786
2.75000,0.49994,0.00213,0.00000,0.00001,0.99786
2.81250,0.49994,0.00286,0.00000,0.00001,0.99714
2.87500,0.49994,0.00310,0.00000,0.00000,0.99689
2.93750,0.49994,0.00631,0.00000,0.00000,0.99369
3.00000,0.49994,0.00940,0.00000,0.00000,0.99060
3.06250,0.49994,0.01003,0.00000,0.00000,0.98997
3.12500,0.49994,0.01344,0.00000,0.00000,0.98656
3.18750,0.49994,0.01388,0.00000,0.00000,0.98612
3.25000,0.49994,0.01052,0.00000,0.00000,0.98948
3.31250,0.49994,0.00894,0.00000,0.00000,0.99106
3.37500,0.49994,0.01078,0.00000,0.00000,0.98922
3.43750,0.49994,0.00756,0.00000,0.00000,0.99244
3.50000,0.49994,0.00487,0.00000,0.00000,0.99512
3.56250,0.49994,0.00275,0.00000,0.00000,0.99724
3.62500,0.49994,0.00179,0.00000,0.00001,0.99820
3.68750,0.49994,0.00134,0.00000,0.00003,0.99863
3.75000,0.49994,0.00155,0.00000,0.00011,0.99835
3.81250,0.49994,0.00148,0.00000,0.00018,0.99834
3.87500,0.49994,0.00120,0.00000,0.00043,0.99837
3.93750,0.49994,0.00090,0.00000,0.00038,0.99873
4.00000,0.49994,0.00094,0.00000,0.00056,0.99850
4.06250,0.49994,0.00142,0.00000,0.00035,0.99823
4.12500,0.49994,0.00164,0.00000,0.00024,0.99812
4.18750,0.49994,0.00175,0.00000,0.00017,0.99808
4.25000,0.49994,0.00249,0.00000,0.00009,0.99742
4.31250,0.49994,0.00283,0.00000,0.00004,0.99713
4.37500,0.49994,0.00267,0.00000,0.00003,0.99730
4.43750,0.49994,0.00356,0.00000,0.00002,0.99642
4.50000,0.49994,0.00334,0.00000,0.00001,0.99665
4.56250,0.49994,0.00276,0.00000,0.00002,0.99721
4.62500,0.49994,0.00281,0.00000,0.00001,0.99718
4.68750,0.49994,0.00199,0.00000,0.00001,0.99800
4.75000,0.49994,0.00145,0.00000,0.00001,0.99854
4.81250,0.49994,0.00171,0.00000,0.00001,0.99828
4.87500,0.49994,0.00142,0.00000,0.00001,0.99857
4.93750,0.49994,0.00198,0.00000,0.00001,0.99802
5.00000,0.49994,0.00248,0.00000,0.00000,0.99752
5.06250,0.49994,0.00271,0.00000,0.00000,0.99729
5.12500,0.49994,0.00214,0.00000,0.00001,0.99785
5.18750,0.49994,0.00174,0.00000,0.00001,0.99825
5.25000,0.49994,0.00132,0.00000,0.00002,0.99865
5.31250,0.49994,0.00124,0.00000,0.00005,0.99872
5.37500,0.49994,0.00166,0.00000,0.00004,0.99830
5.43750,0.49994,0.00176,0.00000,0.00009,0.99814
5.50000,0.49994,0.00146,0.00000,0.00008,0.99845
5.56250,0.49994,0.00107,0.00000,0.00014,0.99879
5.62500,0.49994,0.00108,0.00000,0.00030,0.99862
5.68750,0.49994,0.00102,0.00000,0.00054,0.99844
5.75000,0.49994,0.00092,0.00000,0.00043,0.99865
5.81250,0.49994,0.00089,0.00000,0.00058,0.99854
5.87500,0.49994,0.00063,0.00000,0.00046,0.99891
5.93750,0.49994,0.00046,0.00000,0.00016,0.99938
6.00000,0.49994,0.00035,0.00000,0.00029,0.99936
6.06250,0.49994,0.00053,0.00000,0.00026,0.99921
6.12500,0.49994,0.00054,0.00000,0.00009,0.99938
6.18750,0.49994,0.00062,0.00000,0.00009,0.99929
6.25000,0.49994,0.00070,0.00000,0.00011,0.99919
6.31250,0.49994,0.00056,0.00000,0.00007,0.99937
6.37500,0.49994,0.00076,0.00000,0.00013,0.99911
6.43750,0.49994,0.00091,0.00000,0.00014,0.99895
6.50000,0.49994,0.00121,0.00000,0.00008,0.99872
6.56250,0.49994,0.00112,0.00000,0.00005,0.99883
6.62500,0.49994,0.00113,0.00000,0.00005,0.99882
6.68750,0.49994,0.00115,0.00000,0.00002,0.99883
6.75000,0.49994,0.00152,0.00000,0.00001,0.99848
6.81250,0.49994,0.00239,0.00000,0.00001,0.99760
6.87500,0.49994,0.00335,0.00000,0.00000,0.99665
6.93750,0.49994,0.00277,0.00000,0.00000,0.99723
7.00000,0.49994,0.00443,0.00000,0.00000,0.99557
7.06250,0.49994,0.00535,0.00000,0.00000,0.99465
7.12500,0.49994,0.00720,0.00000,0.00000,0.99279
7.18750,0.49994,0.01465,0.00000,0.00000,0.98535
7.25000,0.49994,0.02171,0.00000,0.00000,0.97829
7.31250,0.49994,0.02908,0.00000,0.00000,0.97092
7.37500,0.49994,0.03070,0.00000,0.00000,0.96930
7.43750,0.49994,0.05374,0.00000,0.00000,0.94626
7.50000,0.49994,0.05104,0.00000,0.00000,0.94896
7.56250,0.49994,0.05901,0.00000,0.00000,0.94099
7.62500,0.49994,0.07887,0.00000,0.00000,0.92113
7.68750,0.49994,0.06935,0.00000,0.00000,0.93065
7.75000,0.49994,0.08131,0.00000,0.00000,0.91868
7.81250,0.49994,0.08136,0.00000,0.00000,0.91863
7.87500,0.49994,0.07696,0.00000,0.00000,0.92304
7.93750,0.49994,0.10706,0.00000,0.00000,0.89294
8.00000,0.49994,0.14854,0.00000,0.00000,0.85146
8.06250,0.49994,0.18526,0.00000,0.00000,0.81474
8.12500,0.49994,0.21005,0.00000,0.00000,0.78995
8.18750,0.49994,0.29273,0.00000,0.00000,0.70727
8.25000,0.49994,0.34739,0.00000,0.00000,0.65261
8.31250,0.49994,0.47571,0.00000,0.00000,0.52429
8.37500,0.49994,0.53121,0.00000,0.00000,0.46879
8.43750,0.49994,0.46725,0.00000,0.00000,0.53275
8.50000,0.49994,0.43646,0.00000,0.00000,0.56354
8.56250,0.49994,0.56945,0.00000,0.00000,0.43055
8.62500,0.49994,0.73361,0.00000,0.00000,0.26639
8.68750,0.49994,0.84315,0.00000,0.00000,0.15685
8.75000,0.49994,0.92094,0.00000,0.00000,0.07906
8.81250,0.49994,0.92893,0.00000,0.00000,0.07107
8.87500,0.49994,0.96583,0.00000,0.00000,0.03417
8.93750,0.49994,0.99471,0.00000,0.00000,0.00529
9.00000,0.49994,0.99891,0.00000,0.00000,0.00109
9.06250,0.49994,0.99974,0.00000,0.00000,0.00026
9.12500,0.49994,0.99989,0.00000,0.00000,0.00011
9.18750,0.49994,0.99994,0.00000,0.00000,0.00006
9.25000,0.49994,0.99996,0.00000,0.00000,0.00004
9.31250,0.49994,0.99997,0.00000,0.00000,0.00003
9.37500,0.49994,0.99996,0.00000,0.00000,0.00004
9.43750,0.49994,0.99992,0.00000,0.00000,0.00008
9.50000,0.49994,0.99993,0.00000,0.00000,0.00007
9.56250,0.49994,0.99994,0.00000,0.00000,0.00006
9.62500,0.49994,0.99998,0.00000,0.00000,0.00002
9.68750,0.49994,1.00000,0.00000,0.00000,0.00000
9.75000,0.49994,1.00000,0.00000,0.00000,0.00000
9.81250,0.49994,1.00000,0.00000,0.00000,0.00000
9.87500,0.49994,1.00000,0.00000,0.00000,0.00000
9.93750,0.49994,1.00000,0.00000,0.00000,0.00000
10.00000,0.49994,1.00000,0.00000,0.00000,0.00000
10.06250,0.49994,1.00000,0.00000,0.00000,0.00000
10.12500,0.49994,1.00000,0.00000,0.00000,0.00000
10.18750,0.49994,1.00000,0.00000,0.00000,0.00000
10.25000,0.49994,0.99999,0.00000,0.00000,0.00001
10.31250,0.49994,0.99999,0.00000,0.00000,0.00001
10.37500,0.49994,0.99999,0.00000,0.00000,0.00001
10.43750,0.49994,0.99999,0.00000,0.00000,0.00001
10.50000,0.49994,0.99999,0.00000,0.00000,0.00001
10.56250,0.49994,1.00000,0.00000,0.00000,0.00000
10.62500,0.49994,0.99999,0.00000,0.00000,0.00001
