Time (seconds), Duration (seconds),pred_unlabeled,pred_east,pred_north,pred_west
0.00000,0.49994,1.00000,0.00000,0.00000,0.00000
0.06250,0.49994,0.99721,0.00000,0.00000,0.00279
0.12500,0.49994,0.01532,0.00000,0.00000,0.98468
0.18750,0.49994,0.00584,0.00000,0.00000,0.99416
0.25000,0.49994,0.00356,0.00000,0.00000,0.99644
0.31250,0.49994,0.00250,0.00000,0.00000,0.99750
0.37500,0.49994,0.00158,0.00000,0.00000,0.99842
0.43750,0.49994,0.00094,0.00000,0.00000,0.99906
0.50000,0.49994,0.00072,0.00000,0.00000,0.99928
0.56250,0.49994,0.00032,0.00000,0.00000,0.99968
0.62500,0.49994,0.00021,0.00000,0.00000,0.99979
0.68750,0.49994,0.00014,0.00000,0.00000,0.99986
0.75000,0.49994,0.00006,0.00000,0.00000,0.99994
0.81250,0.49994,0.00008,0.00000,0.00000,0.99992
0.87500,0.49994,0.00008,0.00000,0.00000,0.99992
0.93750,0.49994,0.00011,0.00000,0.00000,0.99989
1.00000,0.49994,0.00011,0.00000,0.00000,0.99989
1.06250,0.49994,0.00015,0.00000,0.00000,0.99985
1.12500,0.49994,0.00015,0.00000,0.00000,0.99985
1.18750,0.49994,0.00029,0.00000,0.00000,0.99971
1.25000,0.49994,0.00080,0.00000,0.00000,0.99920
1.31250,0.49994,0.00108,0.00000,0.00000,0.99892
1.37500,0.49994,0.00104,0.00000,0.00000,0.99896
1.43750,0.49994,0.00132,0.00000,0.00000,0.99868
1.50000,0.49994,0.00148,0.00000,0.00000,0.99852
1.56250,0.49994,0.00103,0.00000,0.00000,0.99897
1.62500,0.49994,0.00060,0.00000,0.00000,0.99940
1.68750,0.49994,0.00046,0.00000,0.00000,0.99954
1.75000,0.49994,0.00032,0.00000,0.00000,0.99968
1.81250,0.49994,0.00014,0.00000,0.00000,0.99986
1.87500,0.49994,0.00008,0.00000,0.00000,0.99992
1.93750,0.49994,0.00005,0.00000,0.00000,0.99995
2.00000,0.49994,0.00002,0.00000,0.00000,0.99998
2.06250,0.49994,0.00001,0.00000,0.00000,0.99999
2.12500,0.49994,0.00001,0.00000,0.00000,0.99999
2.18750,0.49994,0.00000,0.00000,0.00000,1.00000
2.25000,0.49994,0.00000,0.00000,0.00000,1.00000
2.31250,0.49994,0.00000,0.00000,0.00000,1.00000
2.37500,0.49994,0.00000,0.00000,0.00000,1.00000
2.43750,0.49994,0.00001,0.00000,0.00000,0.99999
2.50000,0.49994,0.00001,0.00000,0.00000,0.99999
2.56250,0.49994,0.00002,0.00000,0.00000,0.99998
2.62500,0.49994,0.00007,0.00000,0.00000,0.99993
2.68750,0.49994,0.00019,0.00000,0.00000,0.99981
2.75000,0.49994,0.00027,0.00000,0.00000,0.99973
2.81250,0.49994,0.00026,0.00000,0.00000,0.99974
2.87500,0.49994,0.00045,0.00000,0.00000,0.99955
2.93750,0.49994,0.00051,0.00000,0.00000,0.99949
3.00000,0.49994,0.00037,0.00000,0.00000,0.99963
3.06250,0.49994,0.00002,0.00000,0.00000,0.99998
3.12500,0.49994,0.00000,0.00000,0.00000,1.00000
3.18750,0.49994,0.00000,0.00000,0.00000,1.00000
3.25000,0.49994,0.00000,0.00000,0.00000,1.00000
3.31250,0.49994,0.00000,0.00000,0.00000,1.00000
3.37500,0.49994,0.00000,0.00000,0.00000,1.00000
3.43750,0.49994,0.00000,0.00000,0.00000,1.00000
3.50000,0.49994,0.00000,0.00000,0.00000,1.00000
3.56250,0.49994,0.00000,0.00000,0.00000,1.00000
3.62500,0.49994,0.00000,0.00000,0.00000,1.00000
3.68750,0.49994,0.00000,0.00000,0.00000,1.00000
3.75000,0.49994,0.00000,0.00000,0.00000,1.00000
3.81250,0.49994,0.00000,0.00000,0.00000,1.00000
3.87500,0.49994,0.00001,0.00000,0.00000,0.99999
3.93750,0.49994,0.00003,0.00000,0.00000,0.99997
4.00000,0.49994,0.00009,0.00000,0.00000,0.99991
4.06250,0.49994,0.00005,0.00000,0.00000,0.99995
4.12500,0.49994,0.00032,0.00000,0.00000,0.99968
4.18750,0.49994,0.00143,0.00000,0.00000,0.99857
4.25000,0.49994,0.00176,0.00000,0.00000,0.99824
4.31250,0.49994,0.00198,0.00000,0.00000,0.99802
4.37500,0.49994,0.00169,0.00000,0.00000,0.99831
4.43750,0.49994,0.00175,0.00000,0.00000,0.99825
4.50000,0.49994,0.00072,0.00000,0.00000,0.99928
4.56250,0.49994,0.00065,0.00000,0.00000,0.99935
4.62500,0.49994,0.00069,0.00000,0.00000,0.99931
4.68750,0.49994,0.00054,0.00000,0.00000,0.99946
4.75000,0.49994,0.00035,0.00000,0.00000,0.99965
4.81250,0.49994,0.00027,0.00000,0.00000,0.99973
4.87500,0.49994,0.00014,0.00000,0.00000,0.99986
4.93750,0.49994,0.00007,0.00000,0.00000,0.99993
5.00000,0.49994,0.00007,0.00000,0.00000,0.99993
5.06250,0.49994,0.00007,0.00000,0.00000,0.99993
5.12500,0.49994,0.00004,0.00000,0.00000,0.99996
5.18750,0.49994,0.00002,0.00000,0.00000,0.99998
5.25000,0.49994,0.00002,0.00000,0.00000,0.99998
5.31250,0.49994,0.00003,0.00000,0.00000,0.99997
5.37500,0.49994,0.00005,0.00000,0.00000,0.99995
5.43750,0.49994,0.00018,0.00000,0.00000,0.99982
5.50000,0.49994,0.00039,0.00000,0.00000,0.99961
5.56250,0.49994,0.00101,0.00000,0.00000,0.99899
5.62500,0.49994,0.00288,0.00000,0.00000,0.99712
5.68750,0.49994,0.00827,0.00000,0.00000,0.99173
5.75000,0.49994,0.03016,0.00000,0.00000,0.96984
5.81250,0.49994,0.05403,0.00000,0.00000,0.94597
5.87500,0.49994,0.09470,0.00000,0.00000,0.90530
5.93750,0.49994,0.08396,0.00000,0.00000,0.91604
6.00000,0.49994,0.09268,0.00000,0.00000,0.90732
6.06250,0.49994,0.11786,0.00000,0.00000,0.88214
6.12500,0.49994,0.16159,0.00000,0.00001,0.83840
6.18750,0.49994,0.19577,0.00000,0.00002,0.80421
6.25000,0.49994,0.17492,0.00000,0.00001,0.82507
6.31250,0.49994,0.43437,0.00000,0.00004,0.56559
6.37500,0.49994,0.80601,0.00000,0.00004,0.19395
6.43750,0.49994,0.97876,0.00000,0.00001,0.02123
6.50000,0.49994,0.99949,0.00000,0.00000,0.00051
6.56250,0.49994,0.99997,0.00000,0.00000,0.00003
6.62500,0.49994,0.99999,0.00000,0.00000,0.00001
6.68750,0.49994,1.00000,0.00000,0.00000,0.00000
6.75000,0.49994,1.00000,0.00000,0.00000,0.00000
6.81250,0.49994,1.00000,0.00000,0.00000,0.00000
6.87500,0.49994,1.00000,0.00000,0.00000,0.00000
6.93750,0.49994,1.00000,0.00000,0.00000,0.00000
7.00000,0.49994,1.00000,0.00000,0.00000,0.00000
7.06250,0.49994,1.00000,0.00000,0.00000,0.00000
7.12500,0.49994,1.00000,0.00000,0.00000,0.00000
7.18750,0.49994,1.00000,0.00000,0.00000,0.00000
7.25000,0.49994,1.00000,0.00000,0.00000,0.00000
7.31250,0.49994,1.00000,0.00000,0.00000,0.00000
7.37500,0.49994,1.00000,0.00000,0.00000,0.00000
7.43750,0.49994,1.00000,0.00000,0.00000,0.00000
7.50000,0.49994,1.00000,0.00000,0.00000,0.00000
7.56250,0.49994,1.00000,0.00000,0.00000,0.00000
7.62500,0.49994,0.99996,0.00000,0.00001,0.00002
7.68750,0.49994,0.99973,0.00000,0.00008,0.00018
7.75000,0.49994,0.99939,0.00000,0.00014,0.00046
