Time (seconds), Duration (seconds),pred_unlabeled,pred_east,pred_north,pred_west
0.00000,0.49994,1.00000,0.00000,0.00000,0.00000
0.06250,0.49994,1.00000,0.00000,0.00000,0.00000
0.12500,0.49994,0.89774,0.10225,0.00001,0.00000
0.18750,0.49994,0.07631,0.92369,0.00000,0.00000
0.25000,0.49994,0.04440,0.95560,0.00000,0.00000
0.31250,0.49994,0.04196,0.95804,0.00000,0.00000
0.37500,0.49994,0.03097,0.96903,0.00000,0.00000
0.43750,0.49994,0.02962,0.97038,0.00000,0.00000
0.50000,0.49994,0.04708,0.95292,0.00000,0.00000
0.56250,0.49994,0.06278,0.93722,0.00000,0.00000
0.62500,0.49994,0.07325,0.92674,0.00000,0.00000
0.68750,0.49994,0.12106,0.87894,0.00001,0.00000
0.75000,0.49994,0.13827,0.86172,0.00002,0.00000
0.81250,0.49994,0.24409,0.75572,0.00019,0.00000
0.87500,0.49994,0.43438,0.55061,0.01501,0.00000
0.93750,0.49994,0.56214,0.32612,0.11174,0.00000
1.00000,0.49994,0.55667,0.43781,0.00552,0.00000
1.06250,0.49994,0.48920,0.50580,0.00500,0.00000
1.12500,0.49994,0.36263,0.63541,0.00196,0.00000
1.18750,0.49994,0.18728,0.81209,0.00063,0.00000
1.25000,0.49994,0.15068,0.84915,0.00018,0.00000
1.31250,0.49994,0.03584,0.96410,0.00007,0.00000
1.37500,0.49994,0.00462,0.99538,0.00000,0.00000
1.43750,0.49994,0.00126,0.99874,0.00000,0.00000
1.50000,0.49994,0.00071,0.99929,0.00000,0.00000
1.56250,0.49994,0.00026,0.99974,0.00000,0.00000
1.62500,0.49994,0.00023,0.99977,0.00000,0.00000
1.68750,0.49994,0.00019,0.99981,0.00000,0.00000
1.75000,0.49994,0.00014,0.99986,0.00000,0.00000
1.81250,0.49994,0.00025,0.99975,0.00000,0.00000
1.87500,0.49994,0.00070,0.99930,0.00000,0.00000
1.93750,0.49994,0.00099,0.99901,0.00000,0.00000
2.00000,0.49994,0.00141,0.99859,0.00000,0.00000
2.06250,0.49994,0.00313,0.99687,0.00000,0.00000
2.12500,0.49994,0.00253,0.99747,0.00000,0.00000
2.18750,0.49994,0.00295,0.99705,0.00000,0.00000
2.25000,0.49994,0.00410,0.99590,0.00000,0.00000
2.31250,0.49994,0.00445,0.99555,0.00000,0.00000
2.37500,0.49994,0.00414,0.99586,0.00000,0.00000
2.43750,0.49994,0.00274,0.99726,0.00000,0.00000
2.50000,0.49994,0.00333,0.99667,0.00000,0.00000
2.56250,0.49994,0.00184,0.99816,0.00000,0.00000
2.62500,0.49994,0.00155,0.99845,0.00000,0.00000
2.68750,0.49994,0.00163,0.99837,0.00000,0.00000
2.75000,0.49994,0.00221,0.99779,0.00000,0.00000
2.81250,0.49994,0.00185,0.99815,0.00000,0.00000
2.87500,0.49994,0.00061,0.99939,0.00000,0.00000
2.93750,0.49994,0.00055,0.99945,0.00000,0.00000
3.00000,0.49994,0.00020,0.99980,0.00000,0.00000
3.06250,0.49994,0.00032,0.99968,0.00000,0.00000
3.12500,0.49994,0.00021,0.99979,0.00000,0.00000
3.18750,0.49994,0.00015,0.99985,0.00000,0.00000
3.25000,0.49994,0.00008,0.99992,0.00000,0.00000
3.31250,0.49994,0.00007,0.99993,0.00000,0.00000
3.37500,0.49994,0.00019,0.99981,0.00000,0.00000
3.43750,0.49994,0.00026,0.99974,0.00000,0.00000
3.50000,0.49994,0.00054,0.99946,0.00000,0.00000
3.56250,0.49994,0.00048,0.99952,0.00000,0.00000
3.62500,0.49994,0.00068,0.99932,0.00000,0.00000
3.68750,0.49994,0.00082,0.99918,0.00000,0.00000
3.75000,0.49994,0.00085,0.99915,0.00000,0.00000
3.81250,0.49994,0.00209,0.99791,0.00000,0.00000
3.87500,0.49994,0.00188,0.99812,0.00000,0.00000
3.93750,0.49994,0.00116,0.99884,0.00000,0.00000
4.00000,0.49994,0.00165,0.99835,0.00000,0.00000
4.06250,0.49994,0.00217,0.99783,0.00000,0.00000
4.12500,0.49994,0.00423,0.99577,0.00000,0.00000
4.18750,0.49994,0.00740,0.99260,0.00000,0.00000
4.25000,0.49994,0.00817,0.99183,0.00000,0.00000
4.31250,0.49994,0.00422,0.99578,0.00000,0.00000
4.37500,0.49994,0.00649,0.99351,0.00000,0.00000
4.43750,0.49994,0.00859,0.99141,0.00000,0.00000
4.50000,0.49994,0.00627,0.99373,0.00000,0.00000
4.56250,0.49994,0.00658,0.99342,0.00000,0.00000
4.62500,0.49994,0.00563,0.99437,0.00000,0.00000
4.68750,0.49994,0.00675,0.99325,0.00000,0.00000
4.75000,0.49994,0.00925,0.99075,0.00000,0.00000
4.81250,0.49994,0.01232,0.98768,0.00000,0.00000
4.87500,0.49994,0.01150,0.98850,0.00000,0.00000
4.93750,0.49994,0.01513,0.98487,0.00000,0.00000
5.00000,0.49994,0.01208,0.98792,0.00000,0.00000
5.06250,0.49994,0.00802,0.99198,0.00000,0.00000
5.12500,0.49994,0.00882,0.99118,0.00000,0.00000
5.18750,0.49994,0.00619,0.99381,0.00000,0.00000
5.25000,0.49994,0.00656,0.99344,0.00000,0.00000
5.31250,0.49994,0.00679,0.99321,0.00000,0.00000
5.37500,0.49994,0.00604,0.99396,0.00000,0.00000
5.43750,0.49994,0.00531,0.99469,0.00000,0.00000
5.50000,0.49994,0.00607,0.99393,0.00000,0.00000
5.56250,0.49994,0.00952,0.99048,0.00000,0.00000
5.62500,0.49994,0.00729,0.99271,0.00000,0.00000
5.68750,0.49994,0.00636,0.99364,0.00000,0.00000
5.75000,0.49994,0.00278,0.99722,0.00000,0.00000
5.81250,0.49994,0.00112,0.99888,0.00000,0.00000
5.87500,0.49994,0.00050,0.99950,0.00000,0.00000
5.93750,0.49994,0.00021,0.99979,0.00000,0.00000
6.00000,0.49994,0.00018,0.99979,0.00003,0.00000
6.06250,0.49994,0.00010,0.99987,0.00003,0.00000
6.12500,0.49994,0.00006,0.99984,0.00010,0.00000
6.18750,0.49994,0.00004,0.99994,0.00002,0.00000
6.25000,0.49994,0.00005,0.99994,0.00001,0.00000
6.31250,0.49994,0.00010,0.99990,0.00000,0.00000
6.37500,0.49994,0.00022,0.99978,0.00000,0.00000
6.43750,0.49994,0.00096,0.99903,0.00000,0.00000
6.50000,0.49994,0.00205,0.99794,0.00000,0.00000
6.56250,0.49994,0.00363,0.99637,0.00000,0.00000
6.62500,0.49994,0.00993,0.99006,0.00000,0.00000
6.68750,0.49994,0.02146,0.97854,0.00000,0.00000
6.75000,0.49994,0.04058,0.95942,0.00001,0.00000
6.81250,0.49994,0.06385,0.93614,0.00000,0.00000
6.87500,0.49994,0.07690,0.92310,0.00000,0.00000
6.93750,0.49994,0.07444,0.92556,0.00000,0.00000
7.00000,0.49994,0.07629,0.92371,0.00000,0.00000
7.06250,0.49994,0.14920,0.85079,0.00000,0.00000
7.12500,0.49994,0.44447,0.55551,0.00002,0.00000
7.18750,0.49994,0.97555,0.02440,0.00005,0.00000
7.25000,0.49994,0.99780,0.00213,0.00007,0.00000
7.31250,0.49994,0.99995,0.00001,0.00004,0.00000
7.37500,0.49994,0.99998,0.00000,0.00002,0.00000
7.43750,0.49994,0.99999,0.00000,0.00001,0.00000
7.50000,0.49994,0.99999,0.00000,0.00001,0.00000
7.56250,0.49994,1.00000,0.00000,0.00000,0.00000
7.62500,0.49994,1.00000,0.00000,0.00000,0.00000
7.68750,0.49994,1.00000,0.00000,0.00000,0.00000
7.75000,0.49994,1.00000,0.00000,0.00000,0.00000
7.81250,0.49994,1.00000,0.00000,0.00000,0.00000
7.87500,0.49994,1.00000,0.00000,0.00000,0.00000
7.93750,0.49994,1.00000,0.00000,0.00000,0.00000
8.00000,0.49994,1.00000,0.00000,0.00000,0.00000
8.06250,0.49994,1.00000,0.00000,0.00000,0.00000
8.12500,0.49994,1.00000,0.00000,0.00000,0.00000
8.18750,0.49994,1.00000,0.00000,0.00000,0.00000
8.25000,0.49994,1.00000,0.00000,0.00000,0.00000
8.31250,0.49994,1.00000,0.00000,0.00000,0.00000
8.37500,0.49994,1.00000,0.00000,0.00000,0.00000
8.43750,0.49994,1.00000,0.00000,0.00000,0.00000
8.50000,0.49994,1.00000,0.00000,0.00000,0.00000
8.56250,0.49994,1.00000,0.00000,0.00000,0.00000
8.62500,0.49994,1.00000,0.00000,0.00000,0.00000
8.68750,0.49994,1.00000,0.00000,0.00000,0.00000
8.75000,0.49994,1.00000,0.00000,0.00000,0.00000
8.81250,0.49994,1.00000,0.00000,0.00000,0.00000
8.87500,0.49994,1.00000,0.00000,0.00000,0.00000
8.93750,0.49994,1.00000,0.00000,0.00000,0.00000
9.00000,0.49994,1.00000,0.00000,0.00000,0.00000
9.06250,0.49994,1.00000,0.00000,0.00000,0.00000
9.12500,0.49994,1.00000,0.00000,0.00000,0.00000
9.18750,0.49994,1.00000,0.00000,0.00000,0.00000
9.25000,0.49994,1.00000,0.00000,0.00000,0.00000
9.31250,0.49994,1.00000,0.00000,0.00000,0.00000
