Time (seconds), Duration (seconds),pred_unlabeled,pred_east,pred_north,pred_west
0.00000,0.49994,1.00000,0.00000,0.00000,0.00000
0.06250,0.49994,1.00000,0.00000,0.00000,0.00000
0.12500,0.49994,0.42994,0.53693,0.03306,0.00007
0.18750,0.49994,0.23931,0.68974,0.07086,0.00009
0.25000,0.49994,0.30028,0.48998,0.20960,0.00014
0.31250,0.49994,0.18701,0.51332,0.29958,0.00009
0.37500,0.49994,0.19075,0.38658,0.42262,0.00004
0.43750,0.49994,0.06170,0.19657,0.74171,0.00002
0.50000,0.49994,0.02041,0.07284,0.90674,0.00001
0.56250,0.49994,0.07204,0.28268,0.64527,0.00001
0.62500,0.49994,0.06407,0.87560,0.06033,0.00000
0.68750,0.49994,0.04603,0.92240,0.03157,0.00000
0.75000,0.49994,0.02275,0.97115,0.00610,0.00000
0.81250,0.49994,0.02924,0.96334,0.00742,0.00000
0.87500,0.49994,0.03021,0.96657,0.00321,0.00001
0.93750,0.49994,0.02949,0.96613,0.00436,0.00002
1.00000,0.49994,0.05488,0.93898,0.00604,0.00011
1.06250,0.49994,0.04152,0.95086,0.00738,0.00024
1.12500,0.49994,0.06860,0.89423,0.03544,0.00173
1.18750,0.49994,0.12526,0.85067,0.02175,0.00233
1.25000,0.49994,0.11066,0.88199,0.00563,0.00172
1.31250,0.49994,0.07376,0.92155,0.00393,0.00075
1.37500,0.49994,0.06497,0.92550,0.00850,0.00102
1.43750,0.49994,0.11208,0.88080,0.00632,0.00081
1.50000,0.49994,0.08401,0.91160,0.00417,0.00022
1.56250,0.49994,0.07032,0.92310,0.00647,0.00011
1.62500,0.49994,0.03562,0.96158,0.00278,0.00002
1.68750,0.49994,0.01848,0.97772,0.00379,0.00001
1.75000,0.49994,0.02273,0.96559,0.01167,0.00001
1.81250,0.49994,0.01768,0.97987,0.00245,0.00000
1.87500,0.49994,0.01280,0.98698,0.00022,0.00000
1.93750,0.49994,0.00698,0.99284,0.00018,0.00000
2.00000,0.49994,0.00501,0.99496,0.00003,0.00000
2.06250,0.49994,0.00566,0.99432,0.00002,0.00000
2.12500,0.49994,0.00601,0.99396,0.00002,0.00000
2.18750,0.49994,0.00989,0.99009,0.00002,0.00000
2.25000,0.49994,0.01485,0.98511,0.00004,0.00000
2.31250,0.49994,0.03689,0.96301,0.00009,0.00001
2.37500,0.49994,0.04298,0.95681,0.00021,0.00001
2.43750,0.49994,0.06101,0.93893,0.00005,0.00000
2.50000,0.49994,0.05287,0.94695,0.00016,0.00002
2.56250,0.49994,0.05489,0.94506,0.00004,0.00001
2.62500,0.49994,0.06514,0.93481,0.00003,0.00001
2.68750,0.49994,0.02789,0.97211,0.00001,0.00000
2.75000,0.49994,0.01392,0.98607,0.00000,0.00000
2.81250,0.49994,0.01194,0.98805,0.00000,0.00000
2.87500,0.49994,0.01235,0.98765,0.00000,0.00000
2.93750,0.49994,0.01325,0.98674,0.00000,0.00000
3.00000,0.49994,0.02399,0.97600,0.00000,0.00000
3.06250,0.49994,0.01994,0.98004,0.00002,0.00000
3.12500,0.49994,0.01113,0.98887,0.00000,0.00000
3.18750,0.49994,0.00815,0.99184,0.00001,0.00000
3.25000,0.49994,0.00753,0.99245,0.00002,0.00000
3.31250,0.49994,0.00460,0.99538,0.00002,0.00000
3.37500,0.49994,0.00294,0.99703,0.00003,0.00000
3.43750,0.49994,0.00383,0.99613,0.00003,0.00000
3.50000,0.49994,0.00176,0.99823,0.00001,0.00000
3.56250,0.49994,0.00101,0.99899,0.00000,0.00000
3.62500,0.49994,0.00080,0.99920,0.00000,0.00000
3.68750,0.49994,0.00088,0.99912,0.00000,0.00000
3.75000,0.49994,0.00065,0.99935,0.00000,0.00000
3.81250,0.49994,0.00083,0.99917,0.00000,0.00000
3.87500,0.49994,0.00129,0.99871,0.00000,0.00000
3.93750,0.49994,0.00090,0.99910,0.00000,0.00000
4.00000,0.49994,0.00091,0.99909,0.00000,0.00000
4.06250,0.49994,0.00161,0.99838,0.00000,0.00000
4.12500,0.49994,0.00273,0.99727,0.00000,0.00000
4.18750,0.49994,0.00343,0.99657,0.00000,0.00000
4.25000,0.49994,0.01095,0.98905,0.00000,0.00000
4.31250,0.49994,0.01787,0.98213,0.00000,0.00000
4.37500,0.49994,0.02617,0.97382,0.00000,0.00000
4.43750,0.49994,0.03786,0.96212,0.00000,0.00001
4.50000,0.49994,0.08041,0.91955,0.00003,0.00002
4.56250,0.49994,0.10615,0.89381,0.00003,0.00001
4.62500,0.49994,0.11805,0.88190,0.00005,0.00001
4.68750,0.49994,0.13916,0.86063,0.00021,0.00001
4.75000,0.49994,0.08943,0.91016,0.00040,0.00000
4.81250,0.49994,0.05897,0.94071,0.00031,0.00000
4.87500,0.49994,0.04428,0.95551,0.00021,0.00000
4.93750,0.49994,0.03920,0.96069,0.00011,0.00000
5.00000,0.49994,0.02464,0.97533,0.00003,0.00000
5.06250,0.49994,0.01767,0.98230,0.00002,0.00000
5.12500,0.49994,0.01950,0.98046,0.00004,0.00000
5.18750,0.49994,0.02497,0.97487,0.00016,0.00000
5.25000,0.49994,0.03025,0.96934,0.00040,0.00002
5.31250,0.49994,0.05118,0.94738,0.00139,0.00006
5.37500,0.49994,0.04432,0.94870,0.00673,0.00024
5.43750,0.49994,0.04494,0.92445,0.02998,0.00063
5.50000,0.49994,0.03199,0.84237,0.12439,0.00125
5.56250,0.49994,0.01539,0.48193,0.50097,0.00170
5.62500,0.49994,0.01049,0.37313,0.61516,0.00123
5.68750,0.49994,0.01062,0.57560,0.41292,0.00086
5.75000,0.49994,0.00204,0.43217,0.56518,0.00061
5.81250,0.49994,0.00223,0.73951,0.25764,0.00063
5.87500,0.49994,0.00388,0.83722,0.15836,0.00054
5.93750,0.49994,0.00438,0.88766,0.10740,0.00056
6.00000,0.49994,0.00902,0.87490,0.11529,0.00079
6.06250,0.49994,0.01854,0.88394,0.09703,0.00049
6.12500,0.49994,0.03063,0.87710,0.09166,0.00061
6.18750,0.49994,0.06918,0.85991,0.07025,0.00065
6.25000,0.49994,0.25688,0.72051,0.02238,0.00023
6.31250,0.49994,0.31483,0.66869,0.01633,0.00015
6.37500,0.49994,0.38427,0.60573,0.00988,0.00012
6.43750,0.49994,0.40223,0.59402,0.00368,0.00007
6.50000,0.49994,0.42283,0.57496,0.00217,0.00004
6.56250,0.49994,0.44258,0.55629,0.00109,0.00004
6.62500,0.49994,0.55748,0.44165,0.00084,0.00003
6.68750,0.49994,0.71453,0.28344,0.00201,0.00002
6.75000,0.49994,0.88459,0.11229,0.00310,0.00002
6.81250,0.49994,0.95793,0.03820,0.00386,0.00001
6.87500,0.49994,0.99161,0.00546,0.00292,0.00001
6.93750,0.49994,0.99893,0.00029,0.00077,0.00000
7.00000,0.49994,0.99997,0.00000,0.00002,0.00000
7.06250,0.49994,1.00000,0.00000,0.00000,0.00000
7.12500,0.49994,1.00000,0.00000,0.00000,0.00000
7.18750,0.49994,1.00000,0.00000,0.00000,0.00000
7.25000,0.49994,1.00000,0.00000,0.00000,0.00000
7.31250,0.49994,1.00000,0.00000,0.00000,0.00000
7.37500,0.49994,1.00000,0.00000,0.00000,0.00000
7.43750,0.49994,1.00000,0.00000,0.00000,0.00000
7.50000,0.49994,1.00000,0.00000,0.00000,0.00000
7.56250,0.49994,1.00000,0.00000,0.00000,0.00000
7.62500,0.49994,1.00000,0.00000,0.00000,0.00000
7.68750,0.49994,1.00000,0.00000,0.00000,0.00000
7.75000,0.49994,1.00000,0.00000,0.00000,0.00000
7.81250,0.49994,1.00000,0.00000,0.00000,0.00000
7.87500,0.49994,1.00000,0.00000,0.00000,0.00000
7.93750,0.49994,1.00000,0.00000,0.00000,0.00000
8.00000,0.49994,1.00000,0.00000,0.00000,0.00000
8.06250,0.49994,1.00000,0.00000,0.00000,0.00000
8.12500,0.49994,1.00000,0.00000,0.00000,0.00000
8.18750,0.49994,1.00000,0.00000,0.00000,0.00000
8.25000,0.49994,1.00000,0.00000,0.00000,0.00000
8.31250,0.49994,1.00000,0.00000,0.00000,0.00000
8.37500,0.49994,1.00000,0.00000,0.00000,0.00000
8.43750,0.49994,1.00000,0.00000,0.00000,0.00000
8.50000,0.49994,1.00000,0.00000,0.00000,0.00000
8.56250,0.49994,1.00000,0.00000,0.00000,0.00000
8.62500,0.49994,1.00000,0.00000,0.00000,0.00000
8.68750,0.49994,1.00000,0.00000,0.00000,0.00000
8.75000,0.49994,1.00000,0.00000,0.00000,0.00000
8.81250,0.49994,1.00000,0.00000,0.00000,0.00000
8.87500,0.49994,1.00000,0.00000,0.00000,0.00000
8.93750,0.49994,1.00000,0.00000,0.00000,0.00000
