Time (seconds), Duration (seconds),pred_unlabeled,pred_east,pred_north,pred_west
0.00000,0.49994,1.00000,0.00000,0.00000,0.00000
0.06250,0.49994,1.00000,0.00000,0.00000,0.00000
0.12500,0.49994,1.00000,0.00000,0.00000,0.00000
0.18750,0.49994,1.00000,0.00000,0.00000,0.00000
0.25000,0.49994,0.99995,0.00000,0.00000,0.00005
0.31250,0.49994,0.99557,0.00000,0.00000,0.00443
0.37500,0.49994,0.78435,0.00000,0.00000,0.21565
0.43750,0.49994,0.17084,0.00000,0.00000,0.82916
0.50000,0.49994,0.09723,0.00000,0.00000,0.90277
0.56250,0.49994,0.04823,0.00000,0.00000,0.95177
0.62500,0.49994,0.04787,0.00000,0.00000,0.95213
0.68750,0.49994,0.04403,0.00000,0.00000,0.95597
0.75000,0.49994,0.03659,0.00000,0.00000,0.96341
0.81250,0.49994,0.02591,0.00000,0.00000,0.97409
0.87500,0.49994,0.03116,0.00000,0.00000,0.96884
0.93750,0.49994,0.02564,0.00000,0.00000,0.97436
1.00000,0.49994,0.02059,0.00000,0.00000,0.97941
1.06250,0.49994,0.01646,0.00000,0.00000,0.98354
1.12500,0.49994,0.00805,0.00000,0.00000,0.99195
1.18750,0.49994,0.00776,0.00000,0.00000,0.99224
1.25000,0.49994,0.00626,0.00000,0.00000,0.99374
1.31250,0.49994,0.00692,0.00000,0.00000,0.99308
1.37500,0.49994,0.00627,0.00000,0.00000,0.99373
1.43750,0.49994,0.00495,0.00000,0.00000,0.99505
1.50000,0.49994,0.00559,0.00000,0.00000,0.99441
1.56250,0.49994,0.00530,0.00000,0.00000,0.99470
1.62500,0.49994,0.00660,0.00000,0.00000,0.99340
1.68750,0.49994,0.00548,0.00000,0.00000,0.99452
1.75000,0.49994,0.00520,0.00000,0.00000,0.99480
1.81250,0.49994,0.00449,0.00000,0.00000,0.99551
1.87500,0.49994,0.00312,0.00000,0.00000,0.99688
1.93750,0.49994,0.00316,0.00000,0.00000,0.99684
2.00000,0.49994,0.00184,0.00000,0.00000,0.99816
2.06250,0.49994,0.00199,0.00000,0.00000,0.99801
2.12500,0.49994,0.00181,0.00000,0.00000,0.99819
2.18750,0.49994,0.00214,0.00000,0.00000,0.99786
2.25000,0.49994,0.00239,0.00000,0.00000,0.99761
2.31250,0.49994,0.00187,0.00000,0.00000,0.99813
2.37500,0.49994,0.00245,0.00000,0.00000,0.99755
2.43750,0.49994,0.00212,0.00000,0.00000,0.99788
2.50000,0.49994,0.00264,0.00000,0.00000,0.99736
2.56250,0.49994,0.00326,0.00000,0.00000,0.99674
2.62500,0.49994,0.00375,0.00000,0.00000,0.99625
2.68750,0.49994,0.00454,0.00000,0.00000,0.99546
2.75000,0.49994,0.00441,0.00000,0.00000,0.99559
2.81250,0.49994,0.00498,0.00000,0.00000,0.99502
2.87500,0.49994,0.00446,0.00000,0.00000,0.99554
2.93750,0.49994,0.00662,0.00000,0.00000,0.99338
3.00000,0.49994,0.00840,0.00000,0.00000,0.99160
3.06250,0.49994,0.00659,0.00000,0.00000,0.99341
3.12500,0.49994,0.00637,0.00000,0.00000,0.99363
3.18750,0.49994,0.00507,0.00000,0.00000,0.99493
3.25000,0.49994,0.00314,0.00000,0.00000,0.99686
3.31250,0.49994,0.00318,0.00000,0.00000,0.99682
3.37500,0.49994,0.00355,0.00000,0.00000,0.99645
3.43750,0.49994,0.00331,0.00000,0.00000,0.99669
3.50000,0.49994,0.00317,0.00000,0.00000,0.99683
3.56250,0.49994,0.00244,0.00000,0.00000,0.99756
3.62500,0.49994,0.00266,0.00000,0.00000,0.99734
3.68750,0.49994,0.00341,0.00000,0.00000,0.99659
3.75000,0.49994,0.00602,0.00000,0.00000,0.99398
3.81250,0.49994,0.00648,0.00000,0.00000,0.99352
3.87500,0.49994,0.00674,0.00000,0.00001,0.99325
3.93750,0.49994,0.00523,0.00000,0.00002,0.99475
4.00000,0.49994,0.00481,0.00000,0.00003,0.99516
4.06250,0.49994,0.00676,0.00000,0.00003,0.99321
4.12500,0.49994,0.00660,0.00000,0.00002,0.99338
4.18750,0.49994,0.00598,0.00000,0.00001,0.99401
4.25000,0.49994,0.00590,0.00000,0.00000,0.99410
4.31250,0.49994,0.00478,0.00000,0.00000,0.99522
4.37500,0.49994,0.00471,0.00000,0.00000,0.99529
4.43750,0.49994,0.00541,0.00000,0.00000,0.99459
4.50000,0.49994,0.00506,0.00000,0.00000,0.99494
4.56250,0.49994,0.00418,0.00000,0.00000,0.99582
4.62500,0.49994,0.00299,0.00000,0.00000,0.99701
4.68750,0.49994,0.00181,0.00000,0.00000,0.99819
4.75000,0.49994,0.00149,0.00000,0.00000,0.99851
4.81250,0.49994,0.00175,0.00000,0.00000,0.99825
4.87500,0.49994,0.00134,0.00000,0.00000,0.99866
4.93750,0.49994,0.00181,0.00000,0.00000,0.99819
5.00000,0.49994,0.00186,0.00000,0.00000,0.99814
5.06250,0.49994,0.00206,0.00000,0.00000,0.99794
5.12500,0.49994,0.00237,0.00000,0.00000,0.99763
5.18750,0.49994,0.00256,0.00000,0.00000,0.99744
5.25000,0.49994,0.00252,0.00000,0.00000,0.99748
5.31250,0.49994,0.00366,0.00000,0.00000,0.99634
5.37500,0.49994,0.00586,0.00000,0.00000,0.99414
5.43750,0.49994,0.00753,0.00000,0.00000,0.99247
5.50000,0.49994,0.00769,0.00000,0.00001,0.99230
5.56250,0.49994,0.00596,0.00000,0.00002,0.99402
5.62500,0.49994,0.00444,0.00000,0.00005,0.99550
5.68750,0.49994,0.00345,0.00000,0.00025,0.99630
5.75000,0.49994,0.00271,0.00000,0.00031,0.99698
5.81250,0.49994,0.00196,0.00000,0.00039,0.99764
5.87500,0.49994,0.00106,0.00000,0.00028,0.99867
5.93750,0.49994,0.00061,0.00000,0.00010,0.99929
6.00000,0.49994,0.00044,0.00000,0.00013,0.99943
6.06250,0.49994,0.00061,0.00000,0.00008,0.99931
6.12500,0.49994,0.00072,0.00000,0.00007,0.99921
6.18750,0.49994,0.00075,0.00000,0.00007,0.99918
6.25000,0.49994,0.00087,0.00000,0.00009,0.99904
6.31250,0.49994,0.00069,0.00000,0.00011,0.99920
6.37500,0.49994,0.00109,0.00000,0.00016,0.99875
6.43750,0.49994,0.00131,0.00000,0.00003,0.99866
6.50000,0.49994,0.00170,0.00000,0.00002,0.99828
6.56250,0.49994,0.00174,0.00000,0.00002,0.99823
6.62500,0.49994,0.00171,0.00000,0.00001,0.99828
6.68750,0.49994,0.00173,0.00000,0.00000,0.99826
6.75000,0.49994,0.00224,0.00000,0.00000,0.99776
6.81250,0.49994,0.00338,0.00000,0.00000,0.99662
6.87500,0.49994,0.00400,0.00000,0.00000,0.99600
6.93750,0.49994,0.00307,0.00000,0.00000,0.99693
7.00000,0.49994,0.00445,0.00000,0.00000,0.99555
7.06250,0.49994,0.00347,0.00000,0.00000,0.99653
7.12500,0.49994,0.00379,0.00000,0.00000,0.99621
7.18750,0.49994,0.00652,0.00000,0.00000,0.99348
7.25000,0.49994,0.00631,0.00000,0.00000,0.99369
7.31250,0.49994,0.00678,0.00000,0.00000,0.99322
7.37500,0.49994,0.00512,0.00000,0.00000,0.99488
7.43750,0.49994,0.00867,0.00000,0.00000,0.99133
7.50000,0.49994,0.00742,0.00000,0.00000,0.99258
7.56250,0.49994,0.01049,0.00000,0.00000,0.98951
7.62500,0.49994,0.01804,0.00000,0.00000,0.98196
7.68750,0.49994,0.01858,0.00000,0.00000,0.98142
7.75000,0.49994,0.02982,0.00000,0.00000,0.97018
7.81250,0.49994,0.03702,0.00000,0.00000,0.96298
7.87500,0.49994,0.04389,0.00000,0.00000,0.95611
7.93750,0.49994,0.06240,0.00000,0.00000,0.93760
8.00000,0.49994,0.08898,0.00000,0.00000,0.91102
8.06250,0.49994,0.08358,0.00000,0.00000,0.91642
8.12500,0.49994,0.08286,0.00000,0.00000,0.91714
8.18750,0.49994,0.12031,0.00000,0.00000,0.87969
8.25000,0.49994,0.14560,0.00000,0.00000,0.85440
8.31250,0.49994,0.30348,0.00000,0.00000,0.69652
8.37500,0.49994,0.38268,0.00000,0.00000,0.61732
8.43750,0.49994,0.42082,0.00000,0.00000,0.57918
8.50000,0.49994,0.39848,0.00000,0.00000,0.60152
8.56250,0.49994,0.65619,0.00000,0.00000,0.34381
8.62500,0.49994,0.89902,0.00000,0.00000,0.10098
8.68750,0.49994,0.97441,0.00000,0.00000,0.02559
8.75000,0.49994,0.99460,0.00000,0.00000,0.00540
8.81250,0.49994,0.99581,0.00000,0.00000,0.00419
8.87500,0.49994,0.99970,0.00000,0.00000,0.00030
8.93750,0.49994,1.00000,0.00000,0.00000,0.00000
9.00000,0.49994,1.00000,0.00000,0.00000,0.00000
9.06250,0.49994,1.00000,0.00000,0.00000,0.00000
9.12500,0.49994,1.00000,0.00000,0.00000,0.00000
9.18750,0.49994,1.00000,0.00000,0.00000,0.00000
9.25000,0.49994,1.00000,0.00000,0.00000,0.00000
9.31250,0.49994,1.00000,0.00000,0.00000,0.00000
9.37500,0.49994,1.00000,0.00000,0.00000,0.00000
9.43750,0.49994,1.00000,0.00000,0.00000,0.00000
9.50000,0.49994,1.00000,0.00000,0.00000,0.00000
9.56250,0.49994,1.00000,0.00000,0.00000,0.00000
9.62500,0.49994,1.00000,0.00000,0.00000,0.00000
9.68750,0.49994,1.00000,0.00000,0.00000,0.00000
9.75000,0.49994,1.00000,0.00000,0.00000,0.00000
9.81250,0.49994,1.00000,0.00000,0.00000,0.00000
9.87500,0.49994,1.00000,0.00000,0.00000,0.00000
9.93750,0.49994,1.00000,0.00000,0.00000,0.00000
10.00000,0.49994,1.00000,0.00000,0.00000,0.00000
10.06250,0.49994,1.00000,0.00000,0.00000,0.00000
10.12500,0.49994,1.00000,0.00000,0.00000,0.00000
10.18750,0.49994,1.00000,0.00000,0.00000,0.00000
10.25000,0.49994,1.00000,0.00000,0.00000,0.00000
10.31250,0.49994,1.00000,0.00000,0.00000,0.00000
10.37500,0.49994,1.00000,0.00000,0.00000,0.00000
10.43750,0.49994,1.00000,0.00000,0.00000,0.00000
10.50000,0.49994,1.00000,0.00000,0.00000,0.00000
10.56250,0.49994,1.00000,0.00000,0.00000,0.00000
10.62500,0.49994,1.00000,0.00000,0.00000,0.00000
