Time (seconds), Duration (seconds),pred_unlabeled,pred_east,pred_north,pred_west
0.00000,0.49994,1.00000,0.00000,0.00000,0.00000
0.06250,0.49994,0.99999,0.00000,0.00001,0.00000
0.12500,0.49994,0.92458,0.00049,0.07493,0.00000
0.18750,0.49994,0.92454,0.00483,0.07063,0.00000
0.25000,0.49994,0.87373,0.01721,0.10906,0.00000
0.31250,0.49994,0.85424,0.08480,0.06096,0.00000
0.37500,0.49994,0.61474,0.24380,0.14146,0.00000
0.43750,0.49994,0.39142,0.56557,0.04301,0.00000
0.50000,0.49994,0.29292,0.69651,0.01056,0.00000
0.56250,0.49994,0.22620,0.76542,0.00838,0.00000
0.62500,0.49994,0.20922,0.78317,0.00761,0.00000
0.68750,0.49994,0.17217,0.82168,0.00615,0.00000
0.75000,0.49994,0.23710,0.74972,0.01318,0.00000
0.81250,0.49994,0.38529,0.58503,0.02968,0.00000
0.87500,0.49994,0.51552,0.46555,0.01893,0.00000
0.93750,0.49994,0.69632,0.27605,0.02763,0.00000
1.00000,0.49994,0.82629,0.11276,0.06094,0.00000
1.06250,0.49994,0.87781,0.04407,0.07812,0.00000
1.12500,0.49994,0.76073,0.00621,0.23305,0.00000
1.18750,0.49994,0.60284,0.00129,0.39587,0.00000
1.25000,0.49994,0.66926,0.00094,0.32980,0.00000
1.31250,0.49994,0.93959,0.00114,0.05927,0.00000
1.37500,0.49994,0.89329,0.00152,0.10519,0.00000
1.43750,0.49994,0.85458,0.00387,0.14155,0.00000
1.50000,0.49994,0.85345,0.01319,0.13336,0.00000
1.56250,0.49994,0.84772,0.04789,0.10439,0.00000
1.62500,0.49994,0.75749,0.19158,0.05093,0.00000
1.68750,0.49994,0.57000,0.41058,0.01941,0.00000
1.75000,0.49994,0.36085,0.62523,0.01392,0.00000
1.81250,0.49994,0.18017,0.78000,0.03983,0.00000
1.87500,0.49994,0.13067,0.83583,0.03350,0.00000
1.93750,0.49994,0.12158,0.86041,0.01801,0.00000
2.00000,0.49994,0.17102,0.80411,0.02487,0.00000
2.06250,0.49994,0.17502,0.80160,0.02338,0.00000
2.12500,0.49994,0.17800,0.80626,0.01573,0.00000
2.18750,0.49994,0.20977,0.76566,0.02457,0.00000
2.25000,0.49994,0.41865,0.51240,0.06894,0.00000
2.31250,0.49994,0.64378,0.27181,0.08441,0.00000
2.37500,0.49994,0.67843,0.13338,0.18820,0.00000
2.43750,0.49994,0.63680,0.05620,0.30701,0.00000
2.50000,0.49994,0.67170,0.05637,0.27193,0.00000
2.56250,0.49994,0.84306,0.05346,0.10348,0.00000
2.62500,0.49994,0.77461,0.03366,0.19174,0.00000
2.68750,0.49994,0.86577,0.04773,0.08650,0.00000
2.75000,0.49994,0.87200,0.08247,0.04553,0.00000
2.81250,0.49994,0.83610,0.09805,0.06585,0.00000
2.87500,0.49994,0.74802,0.21493,0.03705,0.00000
2.93750,0.49994,0.59905,0.35686,0.04410,0.00000
3.00000,0.49994,0.55193,0.41540,0.03267,0.00000
3.06250,0.49994,0.43133,0.52339,0.04528,0.00000
3.12500,0.49994,0.35485,0.62167,0.02348,0.00000
3.18750,0.49994,0.29863,0.66924,0.03213,0.00000
3.25000,0.49994,0.30704,0.66509,0.02787,0.00000
3.31250,0.49994,0.18286,0.80799,0.00915,0.00000
3.37500,0.49994,0.16031,0.83486,0.00483,0.00000
3.43750,0.49994,0.14261,0.85426,0.00313,0.00000
3.50000,0.49994,0.12204,0.87392,0.00404,0.00000
3.56250,0.49994,0.13941,0.85174,0.00885,0.00000
3.62500,0.49994,0.13968,0.85125,0.00907,0.00000
3.68750,0.49994,0.14000,0.85091,0.00909,0.00000
3.75000,0.49994,0.12379,0.86490,0.01131,0.00000
3.81250,0.49994,0.13045,0.85585,0.01371,0.00000
3.87500,0.49994,0.35303,0.55997,0.08700,0.00000
3.93750,0.49994,0.52452,0.27651,0.19897,0.00000
4.00000,0.49994,0.58682,0.13861,0.27458,0.00000
4.06250,0.49994,0.60606,0.08439,0.30956,0.00000
4.12500,0.49994,0.76802,0.06299,0.16899,0.00000
4.18750,0.49994,0.75758,0.04322,0.19920,0.00000
4.25000,0.49994,0.77618,0.04993,0.17389,0.00000
4.31250,0.49994,0.85638,0.10083,0.04279,0.00000
4.37500,0.49994,0.64714,0.34690,0.00596,0.00000
4.43750,0.49994,0.34058,0.65858,0.00084,0.00000
4.50000,0.49994,0.15175,0.84807,0.00018,0.00000
4.56250,0.49994,0.07710,0.92287,0.00003,0.00000
4.62500,0.49994,0.03905,0.96094,0.00002,0.00000
4.68750,0.49994,0.02042,0.97957,0.00001,0.00000
4.75000,0.49994,0.01828,0.98172,0.00001,0.00000
4.81250,0.49994,0.02529,0.97470,0.00001,0.00000
4.87500,0.49994,0.02890,0.97108,0.00002,0.00000
4.93750,0.49994,0.03185,0.96813,0.00002,0.00000
5.00000,0.49994,0.04705,0.95290,0.00005,0.00000
5.06250,0.49994,0.08844,0.91148,0.00008,0.00000
5.12500,0.49994,0.20910,0.79068,0.00022,0.00000
5.18750,0.49994,0.31647,0.68318,0.00035,0.00000
5.25000,0.49994,0.38120,0.61857,0.00022,0.00000
5.31250,0.49994,0.39508,0.60452,0.00040,0.00000
5.37500,0.49994,0.47803,0.52071,0.00126,0.00000
5.43750,0.49994,0.69434,0.30327,0.00238,0.00000
5.50000,0.49994,0.80305,0.19220,0.00475,0.00000
5.56250,0.49994,0.87599,0.11369,0.01032,0.00000
5.62500,0.49994,0.81370,0.17059,0.01571,0.00000
5.68750,0.49994,0.89360,0.09090,0.01551,0.00000
5.75000,0.49994,0.81551,0.16140,0.02309,0.00000
5.81250,0.49994,0.79492,0.19572,0.00936,0.00000
5.87500,0.49994,0.80376,0.18602,0.01022,0.00000
5.93750,0.49994,0.69145,0.29665,0.01190,0.00000
6.00000,0.49994,0.69166,0.29344,0.01491,0.00000
6.06250,0.49994,0.40546,0.58589,0.00865,0.00000
6.12500,0.49994,0.34215,0.65158,0.00627,0.00000
6.18750,0.49994,0.14467,0.85014,0.00518,0.00000
6.25000,0.49994,0.16561,0.82695,0.00743,0.00001
6.31250,0.49994,0.20475,0.77232,0.02290,0.00003
6.37500,0.49994,0.17469,0.80319,0.02208,0.00004
6.43750,0.49994,0.15093,0.81844,0.03051,0.00013
6.50000,0.49994,0.09615,0.89562,0.00822,0.00002
6.56250,0.49994,0.10451,0.88648,0.00899,0.00002
6.62500,0.49994,0.12598,0.86501,0.00900,0.00001
6.68750,0.49994,0.32867,0.65225,0.01908,0.00001
6.75000,0.49994,0.61781,0.33394,0.04825,0.00000
6.81250,0.49994,0.75739,0.19434,0.04827,0.00000
6.87500,0.49994,0.92257,0.04797,0.02945,0.00000
6.93750,0.49994,0.95945,0.02189,0.01866,0.00000
7.00000,0.49994,0.97566,0.01131,0.01303,0.00000
7.06250,0.49994,0.99044,0.00482,0.00474,0.00000
7.12500,0.49994,0.99302,0.00440,0.00258,0.00000
7.18750,0.49994,0.99000,0.00876,0.00124,0.00000
7.25000,0.49994,0.99073,0.00844,0.00083,0.00000
7.31250,0.49994,0.99380,0.00567,0.00052,0.00000
7.37500,0.49994,0.99453,0.00477,0.00071,0.00000
7.43750,0.49994,0.99952,0.00024,0.00024,0.00000
7.50000,0.49994,0.99989,0.00003,0.00009,0.00000
7.56250,0.49994,1.00000,0.00000,0.00000,0.00000
7.62500,0.49994,1.00000,0.00000,0.00000,0.00000
7.68750,0.49994,1.00000,0.00000,0.00000,0.00000
7.75000,0.49994,1.00000,0.00000,0.00000,0.00000
7.81250,0.49994,1.00000,0.00000,0.00000,0.00000
7.87500,0.49994,1.00000,0.00000,0.00000,0.00000
7.93750,0.49994,1.00000,0.00000,0.00000,0.00000
8.00000,0.49994,1.00000,0.00000,0.00000,0.00000
8.06250,0.49994,1.00000,0.00000,0.00000,0.00000
8.12500,0.49994,1.00000,0.00000,0.00000,0.00000
8.18750,0.49994,1.00000,0.00000,0.00000,0.00000
8.25000,0.49994,1.00000,0.00000,0.00000,0.00000
8.31250,0.49994,0.99999,0.00000,0.00000,0.00001
8.37500,0.49994,1.00000,0.00000,0.00000,0.00000
8.43750,0.49994,1.00000,0.00000,0.00000,0.00000
8.50000,0.49994,1.00000,0.00000,0.00000,0.00000
8.56250,0.49994,1.00000,0.00000,0.00000,0.00000
8.62500,0.49994,0.99999,0.00000,0.00000,0.00001
8.68750,0.49994,0.99996,0.00000,0.00000,0.00004
8.75000,0.49994,0.99997,0.00000,0.00000,0.00003
8.81250,0.49994,0.99994,0.00000,0.00000,0.00006
8.87500,0.49994,0.99994,0.00000,0.00000,0.00006
8.93750,0.49994,0.99994,0.00000,0.00000,0.00006
9.00000,0.49994,0.99996,0.00000,0.00000,0.00004
9.06250,0.49994,0.99998,0.00000,0.00000,0.00002
9.12500,0.49994,0.99998,0.00000,0.00000,0.00002
