Time (seconds), Duration (seconds),pred_unlabeled,pred_east,pred_north,pred_west
0.00000,0.49994,1.00000,0.00000,0.00000,0.00000
0.06250,0.49994,1.00000,0.00000,0.00000,0.00000
0.12500,0.49994,0.22091,0.00001,0.77908,0.00000
0.18750,0.49994,0.01472,0.00002,0.98526,0.00000
0.25000,0.49994,0.01517,0.00003,0.98480,0.00000
0.31250,0.49994,0.00881,0.00002,0.99116,0.00000
0.37500,0.49994,0.00612,0.00001,0.99387,0.00000
0.43750,0.49994,0.00914,0.00002,0.99084,0.00000
0.50000,0.49994,0.00964,0.00002,0.99034,0.00000
0.56250,0.49994,0.00706,0.00002,0.99292,0.00000
0.62500,0.49994,0.00373,0.00002,0.99625,0.00000
0.68750,0.49994,0.00333,0.00002,0.99664,0.00000
0.75000,0.49994,0.00315,0.00003,0.99681,0.00001
0.81250,0.49994,0.00469,0.00006,0.99521,0.00004
0.87500,0.49994,0.00429,0.00007,0.99561,0.00003
0.93750,0.49994,0.00241,0.00004,0.99752,0.00003
1.00000,0.49994,0.00142,0.00002,0.99852,0.00003
1.06250,0.49994,0.00094,0.00001,0.99901,0.00004
1.12500,0.49994,0.00095,0.00001,0.99899,0.00005
1.18750,0.49994,0.00047,0.00000,0.99949,0.00004
1.25000,0.49994,0.00045,0.00000,0.99952,0.00003
1.31250,0.49994,0.00055,0.00000,0.99942,0.00003
1.37500,0.49994,0.00056,0.00000,0.99939,0.00004
1.43750,0.49994,0.00074,0.00001,0.99921,0.00004
1.50000,0.49994,0.00065,0.00001,0.99924,0.00010
1.56250,0.49994,0.00076,0.00001,0.99914,0.00008
1.62500,0.49994,0.00097,0.00004,0.99896,0.00003
1.68750,0.49994,0.00148,0.00008,0.99842,0.00002
1.75000,0.49994,0.00152,0.00006,0.99841,0.00001
1.81250,0.49994,0.00108,0.00004,0.99885,0.00004
1.87500,0.49994,0.00098,0.00003,0.99896,0.00004
1.93750,0.49994,0.00075,0.00002,0.99920,0.00004
2.00000,0.49994,0.00083,0.00002,0.99911,0.00004
2.06250,0.49994,0.00088,0.00001,0.99908,0.00003
2.12500,0.49994,0.00074,0.00001,0.99918,0.00008
2.18750,0.49994,0.00098,0.00001,0.99888,0.00013
2.25000,0.49994,0.00108,0.00001,0.99854,0.00037
2.31250,0.49994,0.00090,0.00001,0.99895,0.00015
2.37500,0.49994,0.00083,0.00001,0.99898,0.00018
2.43750,0.49994,0.00055,0.00001,0.99935,0.00009
2.50000,0.49994,0.00019,0.00000,0.99972,0.00008
2.56250,0.49994,0.00023,0.00000,0.99964,0.00013
2.62500,0.49994,0.00036,0.00000,0.99958,0.00005
2.68750,0.49994,0.00039,0.00000,0.99957,0.00003
2.75000,0.49994,0.00027,0.00000,0.99971,0.00002
2.81250,0.49994,0.00032,0.00000,0.99966,0.00001
2.87500,0.49994,0.00035,0.00001,0.99963,0.00001
2.93750,0.49994,0.00056,0.00001,0.99943,0.00001
3.00000,0.49994,0.00169,0.00005,0.99826,0.00001
3.06250,0.49994,0.00216,0.00005,0.99778,0.00000
3.12500,0.49994,0.00233,0.00006,0.99761,0.00000
3.18750,0.49994,0.00237,0.00005,0.99757,0.00000
3.25000,0.49994,0.00352,0.00006,0.99641,0.00001
3.31250,0.49994,0.00461,0.00007,0.99531,0.00000
3.37500,0.49994,0.00402,0.00005,0.99592,0.00000
3.43750,0.49994,0.00400,0.00003,0.99596,0.00001
3.50000,0.49994,0.00606,0.00005,0.99388,0.00001
3.56250,0.49994,0.00252,0.00002,0.99745,0.00001
3.62500,0.49994,0.00107,0.00001,0.99892,0.00001
3.68750,0.49994,0.00052,0.00000,0.99947,0.00001
3.75000,0.49994,0.00034,0.00000,0.99965,0.00001
3.81250,0.49994,0.00016,0.00000,0.99981,0.00002
3.87500,0.49994,0.00009,0.00000,0.99989,0.00003
3.93750,0.49994,0.00004,0.00000,0.99994,0.00002
4.00000,0.49994,0.00003,0.00000,0.99995,0.00001
4.06250,0.49994,0.00006,0.00000,0.99993,0.00001
4.12500,0.49994,0.00011,0.00000,0.99988,0.00001
4.18750,0.49994,0.00029,0.00000,0.99970,0.00001
4.25000,0.49994,0.00032,0.00000,0.99968,0.00000
4.31250,0.49994,0.00070,0.00001,0.99929,0.00001
4.37500,0.49994,0.00180,0.00003,0.99817,0.00001
4.43750,0.49994,0.00380,0.00011,0.99608,0.00001
4.50000,0.49994,0.00371,0.00011,0.99617,0.00001
4.56250,0.49994,0.00308,0.00011,0.99680,0.00000
4.62500,0.49994,0.00355,0.00011,0.99634,0.00000
4.68750,0.49994,0.00185,0.00006,0.99809,0.00000
4.75000,0.49994,0.00145,0.00005,0.99850,0.00000
4.81250,0.49994,0.00031,0.00000,0.99968,0.00000
4.87500,0.49994,0.00008,0.00000,0.99992,0.00000
4.93750,0.49994,0.00002,0.00000,0.99997,0.00000
5.00000,0.49994,0.00000,0.00000,0.99999,0.00001
5.06250,0.49994,0.00000,0.00000,0.99997,0.00003
5.12500,0.49994,0.00000,0.00000,0.99996,0.00004
5.18750,0.49994,0.00000,0.00000,0.99997,0.00002
5.25000,0.49994,0.00000,0.00000,0.99989,0.00011
5.31250,0.49994,0.00000,0.00000,0.99987,0.00012
5.37500,0.49994,0.00000,0.00000,0.99989,0.00011
5.43750,0.49994,0.00000,0.00000,0.99986,0.00014
5.50000,0.49994,0.00001,0.00000,0.99975,0.00024
5.56250,0.49994,0.00001,0.00000,0.99974,0.00025
5.62500,0.49994,0.00004,0.00000,0.99919,0.00077
5.68750,0.49994,0.00009,0.00000,0.99878,0.00113
5.75000,0.49994,0.00018,0.00000,0.99934,0.00048
5.81250,0.49994,0.00022,0.00000,0.99929,0.00049
5.87500,0.49994,0.00054,0.00000,0.99913,0.00032
5.93750,0.49994,0.00298,0.00002,0.99690,0.00010
6.00000,0.49994,0.00636,0.00006,0.99358,0.00001
6.06250,0.49994,0.01290,0.00010,0.98700,0.00000
6.12500,0.49994,0.01813,0.00006,0.98180,0.00000
6.18750,0.49994,0.01270,0.00005,0.98725,0.00000
6.25000,0.49994,0.01458,0.00008,0.98534,0.00000
6.31250,0.49994,0.01861,0.00008,0.98131,0.00000
6.37500,0.49994,0.01933,0.00006,0.98061,0.00000
6.43750,0.49994,0.02184,0.00005,0.97811,0.00000
6.50000,0.49994,0.01946,0.00002,0.98052,0.00000
6.56250,0.49994,0.01623,0.00002,0.98375,0.00000
6.62500,0.49994,0.01325,0.00002,0.98672,0.00000
6.68750,0.49994,0.02153,0.00002,0.97845,0.00000
6.75000,0.49994,0.02251,0.00003,0.97746,0.00000
6.81250,0.49994,0.05440,0.00009,0.94551,0.00000
6.87500,0.49994,0.07218,0.00018,0.92763,0.00000
6.93750,0.49994,0.07234,0.00022,0.92744,0.00000
7.00000,0.49994,0.09048,0.00035,0.90917,0.00000
7.06250,0.49994,0.07032,0.00025,0.92943,0.00000
7.12500,0.49994,0.05924,0.00017,0.94059,0.00000
7.18750,0.49994,0.07501,0.00014,0.92485,0.00000
7.25000,0.49994,0.09686,0.00006,0.90308,0.00000
7.31250,0.49994,0.07002,0.00004,0.92994,0.00000
7.37500,0.49994,0.08158,0.00002,0.91840,0.00000
7.43750,0.49994,0.09269,0.00002,0.90729,0.00000
7.50000,0.49994,0.12989,0.00001,0.87010,0.00000
7.56250,0.49994,0.18228,0.00002,0.81770,0.00000
7.62500,0.49994,0.25745,0.00002,0.74253,0.00000
7.68750,0.49994,0.24916,0.00002,0.75082,0.00000
7.75000,0.49994,0.27600,0.00002,0.72398,0.00000
7.81250,0.49994,0.35107,0.00001,0.64892,0.00000
7.87500,0.49994,0.44621,0.00001,0.55379,0.00000
7.93750,0.49994,0.76220,0.00000,0.23780,0.00000
8.00000,0.49994,0.92713,0.00000,0.07287,0.00000
8.06250,0.49994,0.99178,0.00000,0.00822,0.00000
8.12500,0.49994,0.99974,0.00000,0.00026,0.00000
8.18750,0.49994,1.00000,0.00000,0.00000,0.00000
8.25000,0.49994,1.00000,0.00000,0.00000,0.00000
8.31250,0.49994,1.00000,0.00000,0.00000,0.00000
8.37500,0.49994,1.00000,0.00000,0.00000,0.00000
8.43750,0.49994,1.00000,0.00000,0.00000,0.00000
8.50000,0.49994,1.00000,0.00000,0.00000,0.00000
8.56250,0.49994,1.00000,0.00000,0.00000,0.00000
8.62500,0.49994,1.00000,0.00000,0.00000,0.00000
8.68750,0.49994,1.00000,0.00000,0.00000,0.00000
8.75000,0.49994,1.00000,0.00000,0.00000,0.00000
8.81250,0.49994,1.00000,0.00000,0.00000,0.00000
8.87500,0.49994,1.00000,0.00000,0.00000,0.00000
8.93750,0.49994,1.00000,0.00000,0.00000,0.00000
9.00000,0.49994,1.00000,0.00000,0.00000,0.00000
