Time (seconds), Duration (seconds),pred_unlabeled,pred_east,pred_north,pred_west
0.00000,0.49994,1.00000,0.00000,0.00000,0.00000
0.06250,0.49994,1.00000,0.00000,0.00000,0.00000
0.12500,0.49994,0.00174,0.00000,0.00002,0.99824
0.18750,0.49994,0.00060,0.00000,0.00002,0.99938
0.25000,0.49994,0.00169,0.00000,0.00001,0.99830
0.31250,0.49994,0.00451,0.00000,0.00001,0.99549
0.37500,0.49994,0.01288,0.00000,0.00000,0.98711
0.43750,0.49994,0.03205,0.00000,0.00000,0.96795
0.50000,0.49994,0.07083,0.00000,0.00000,0.92917
0.56250,0.49994,0.08444,0.00000,0.00000,0.91555
0.62500,0.49994,0.12436,0.00000,0.00000,0.87564
0.68750,0.49994,0.16261,0.00000,0.00000,0.83739
0.75000,0.49994,0.12302,0.00000,0.00000,0.87697
0.81250,0.49994,0.06823,0.00000,0.00000,0.93177
0.87500,0.49994,0.05592,0.00000,0.00000,0.94408
0.93750,0.49994,0.02147,0.00000,0.00000,0.97853
1.00000,0.49994,0.01058,0.00000,0.00001,0.98941
1.06250,0.49994,0.00692,0.00000,0.00000,0.99308
1.12500,0.49994,0.00208,0.00000,0.00000,0.99792
1.18750,0.49994,0.00040,0.00000,0.00001,0.99959
1.25000,0.49994,0.00012,0.00001,0.00001,0.99986
1.31250,0.49994,0.00014,0.00001,0.00001,0.99985
1.37500,0.49994,0.00024,0.00003,0.00002,0.99972
1.43750,0.49994,0.00017,0.00002,0.00002,0.99978
1.50000,0.49994,0.00013,0.00000,0.00002,0.99985
1.56250,0.49994,0.00012,0.00000,0.00002,0.99986
1.62500,0.49994,0.00027,0.00000,0.00006,0.99966
1.68750,0.49994,0.00042,0.00001,0.00009,0.99948
1.75000,0.49994,0.00073,0.00000,0.00007,0.99919
1.81250,0.49994,0.00046,0.00000,0.00007,0.99947
1.87500,0.49994,0.00016,0.00000,0.00007,0.99976
1.93750,0.49994,0.00038,0.00000,0.00008,0.99954
2.00000,0.49994,0.00119,0.00000,0.00001,0.99880
2.06250,0.49994,0.00085,0.00000,0.00001,0.99914
2.12500,0.49994,0.00034,0.00000,0.00001,0.99966
2.18750,0.49994,0.00079,0.00000,0.00001,0.99921
2.25000,0.49994,0.00075,0.00000,0.00001,0.99924
2.31250,0.49994,0.00110,0.00000,0.00001,0.99889
2.37500,0.49994,0.00184,0.00000,0.00001,0.99816
2.43750,0.49994,0.00049,0.00000,0.00000,0.99951
2.50000,0.49994,0.00026,0.00000,0.00004,0.99970
2.56250,0.49994,0.00057,0.00004,0.00009,0.99930
2.62500,0.49994,0.00206,0.00013,0.00011,0.99770
2.68750,0.49994,0.00064,0.00005,0.00005,0.99926
2.75000,0.49994,0.00121,0.00018,0.00012,0.99849
2.81250,0.49994,0.00111,0.00028,0.00015,0.99846
2.87500,0.49994,0.00071,0.00008,0.00012,0.99908
2.93750,0.49994,0.00104,0.00004,0.00023,0.99869
3.00000,0.49994,0.00085,0.00008,0.00030,0.99877
3.06250,0.49994,0.00103,0.00000,0.00005,0.99891
3.12500,0.49994,0.00085,0.00000,0.00001,0.99914
3.18750,0.49994,0.00096,0.00000,0.00002,0.99902
3.25000,0.49994,0.00066,0.00000,0.00000,0.99934
3.31250,0.49994,0.00052,0.00000,0.00000,0.99948
3.37500,0.49994,0.00037,0.00000,0.00000,0.99963
3.43750,0.49994,0.00117,0.00000,0.00000,0.99883
3.50000,0.49994,0.00169,0.00000,0.00000,0.99831
3.56250,0.49994,0.00132,0.00000,0.00000,0.99868
3.62500,0.49994,0.00088,0.00000,0.00000,0.99912
3.68750,0.49994,0.00228,0.00000,0.00000,0.99772
3.75000,0.49994,0.00687,0.00000,0.00000,0.99313
3.81250,0.49994,0.00850,0.00000,0.00000,0.99150
3.87500,0.49994,0.01588,0.00000,0.00000,0.98412
3.93750,0.49994,0.00376,0.00000,0.00002,0.99622
4.00000,0.49994,0.00198,0.00000,0.00004,0.99797
4.06250,0.49994,0.00111,0.00000,0.00005,0.99883
4.12500,0.49994,0.00064,0.00000,0.00007,0.99929
4.18750,0.49994,0.00053,0.00001,0.00006,0.99939
4.25000,0.49994,0.00011,0.00000,0.00002,0.99986
4.31250,0.49994,0.00011,0.00000,0.00001,0.99988
4.37500,0.49994,0.00011,0.00000,0.00000,0.99989
4.43750,0.49994,0.00021,0.00000,0.00000,0.99979
4.50000,0.49994,0.00041,0.00000,0.00000,0.99959
4.56250,0.49994,0.00037,0.00000,0.00000,0.99963
4.62500,0.49994,0.00048,0.00000,0.00000,0.99952
4.68750,0.49994,0.00036,0.00000,0.00000,0.99964
4.75000,0.49994,0.00042,0.00000,0.00000,0.99958
4.81250,0.49994,0.00082,0.00000,0.00000,0.99918
4.87500,0.49994,0.00094,0.00000,0.00000,0.99906
4.93750,0.49994,0.00069,0.00000,0.00000,0.99931
5.00000,0.49994,0.00052,0.00000,0.00000,0.99948
5.06250,0.49994,0.00067,0.00000,0.00000,0.99933
5.12500,0.49994,0.00120,0.00000,0.00000,0.99880
5.18750,0.49994,0.00163,0.00000,0.00001,0.99837
5.25000,0.49994,0.00253,0.00000,0.00001,0.99746
5.31250,0.49994,0.00167,0.00000,0.00003,0.99830
5.37500,0.49994,0.00126,0.00000,0.00005,0.99869
5.43750,0.49994,0.00133,0.00000,0.00016,0.99851
5.50000,0.49994,0.00078,0.00000,0.00016,0.99906
5.56250,0.49994,0.00057,0.00000,0.00015,0.99928
5.62500,0.49994,0.00049,0.00000,0.00007,0.99944
5.68750,0.49994,0.00030,0.00000,0.00004,0.99966
5.75000,0.49994,0.00022,0.00000,0.00003,0.99975
5.81250,0.49994,0.00044,0.00000,0.00002,0.99954
5.87500,0.49994,0.00054,0.00000,0.00003,0.99943
5.93750,0.49994,0.00066,0.00000,0.00002,0.99932
6.00000,0.49994,0.00119,0.00000,0.00009,0.99872
6.06250,0.49994,0.00238,0.00000,0.00009,0.99753
6.12500,0.49994,0.00201,0.00000,0.00017,0.99782
6.18750,0.49994,0.00130,0.00000,0.00017,0.99853
6.25000,0.49994,0.00050,0.00000,0.00033,0.99917
6.31250,0.49994,0.00022,0.00000,0.00059,0.99919
6.37500,0.49994,0.00016,0.00000,0.00038,0.99946
6.43750,0.49994,0.00018,0.00000,0.00039,0.99944
6.50000,0.49994,0.00005,0.00000,0.00019,0.99976
6.56250,0.49994,0.00006,0.00000,0.00008,0.99987
6.62500,0.49994,0.00007,0.00000,0.00004,0.99989
6.68750,0.49994,0.00016,0.00000,0.00005,0.99979
6.75000,0.49994,0.00066,0.00000,0.00007,0.99928
6.81250,0.49994,0.00077,0.00000,0.00003,0.99920
6.87500,0.49994,0.00145,0.00000,0.00003,0.99852
6.93750,0.49994,0.00202,0.00000,0.00005,0.99793
7.00000,0.49994,0.00955,0.00000,0.00003,0.99042
7.06250,0.49994,0.02861,0.00000,0.00023,0.97115
7.12500,0.49994,0.10852,0.00002,0.00171,0.88975
7.18750,0.49994,0.27578,0.00001,0.00322,0.72099
7.25000,0.49994,0.17719,0.00000,0.00167,0.82114
7.31250,0.49994,0.19076,0.00001,0.00193,0.80730
7.37500,0.49994,0.24056,0.00002,0.00295,0.75648
7.43750,0.49994,0.19614,0.00001,0.00145,0.80241
7.50000,0.49994,0.23932,0.00000,0.00094,0.75973
7.56250,0.49994,0.14047,0.00000,0.00011,0.85942
7.62500,0.49994,0.65986,0.00000,0.00006,0.34008
7.68750,0.49994,0.98875,0.00000,0.00000,0.01125
7.75000,0.49994,1.00000,0.00000,0.00000,0.00000
7.81250,0.49994,1.00000,0.00000,0.00000,0.00000
7.87500,0.49994,1.00000,0.00000,0.00000,0.00000
7.93750,0.49994,1.00000,0.00000,0.00000,0.00000
8.00000,0.49994,1.00000,0.00000,0.00000,0.00000
8.06250,0.49994,1.00000,0.00000,0.00000,0.00000
8.12500,0.49994,1.00000,0.00000,0.00000,0.00000
8.18750,0.49994,1.00000,0.00000,0.00000,0.00000
8.25000,0.49994,1.00000,0.00000,0.00000,0.00000
8.31250,0.49994,1.00000,0.00000,0.00000,0.00000
8.37500,0.49994,1.00000,0.00000,0.00000,0.00000
8.43750,0.49994,1.00000,0.00000,0.00000,0.00000
8.50000,0.49994,1.00000,0.00000,0.00000,0.00000
8.56250,0.49994,1.00000,0.00000,0.00000,0.00000
8.62500,0.49994,1.00000,0.00000,0.00000,0.00000
8.68750,0.49994,1.00000,0.00000,0.00000,0.00000
8.75000,0.49994,1.00000,0.00000,0.00000,0.00000
8.81250,0.49994,1.00000,0.00000,0.00000,0.00000
8.87500,0.49994,1.00000,0.00000,0.00000,0.00000
