Time (seconds), Duration (seconds),pred_unlabeled,pred_east,pred_north,pred_west
0.00000,0.49994,1.00000,0.00000,0.00000,0.00000
0.06250,0.49994,0.99998,0.00000,0.00000,0.00002
0.12500,0.49994,0.99831,0.00000,0.00000,0.00169
0.18750,0.49994,0.99828,0.00000,0.00000,0.00172
0.25000,0.49994,0.99665,0.00000,0.00000,0.00335
0.31250,0.49994,0.99514,0.00000,0.00000,0.00486
0.37500,0.49994,0.99071,0.00000,0.00000,0.00928
0.43750,0.49994,0.98677,0.00000,0.00000,0.01322
0.50000,0.49994,0.98650,0.00000,0.00000,0.01350
0.56250,0.49994,0.99002,0.00000,0.00000,0.00997
0.62500,0.49994,0.99034,0.00000,0.00000,0.00966
0.68750,0.49994,0.98645,0.00000,0.00000,0.01355
0.75000,0.49994,0.98637,0.00000,0.00000,0.01363
0.81250,0.49994,0.98886,0.00000,0.00000,0.01114
0.87500,0.49994,0.99071,0.00000,0.00000,0.00929
0.93750,0.49994,0.99054,0.00000,0.00000,0.00946
1.00000,0.49994,0.99172,0.00000,0.00000,0.00828
1.06250,0.49994,0.98746,0.00000,0.00000,0.01254
1.12500,0.49994,0.97662,0.00000,0.00000,0.02337
1.18750,0.49994,0.97016,0.00000,0.00000,0.02983
1.25000,0.49994,0.95845,0.00000,0.00000,0.04155
1.31250,0.49994,0.92409,0.00000,0.00000,0.07591
1.37500,0.49994,0.85020,0.00000,0.00000,0.14980
1.43750,0.49994,0.70531,0.00000,0.00000,0.29468
1.50000,0.49994,0.43455,0.00000,0.00000,0.56545
1.56250,0.49994,0.24388,0.00000,0.00000,0.75612
1.62500,0.49994,0.16375,0.00000,0.00001,0.83624
1.68750,0.49994,0.09852,0.00000,0.00001,0.90147
1.75000,0.49994,0.05970,0.00000,0.00002,0.94028
1.81250,0.49994,0.05168,0.00000,0.00006,0.94826
1.87500,0.49994,0.04097,0.00000,0.00004,0.95899
1.93750,0.49994,0.04034,0.00000,0.00004,0.95962
2.00000,0.49994,0.04014,0.00000,0.00004,0.95982
2.06250,0.49994,0.04684,0.00000,0.00002,0.95314
2.12500,0.49994,0.04636,0.00000,0.00001,0.95363
2.18750,0.49994,0.04783,0.00000,0.00001,0.95215
2.25000,0.49994,0.03615,0.00000,0.00001,0.96385
2.31250,0.49994,0.03106,0.00000,0.00001,0.96893
2.37500,0.49994,0.03684,0.00000,0.00001,0.96316
2.43750,0.49994,0.03211,0.00000,0.00001,0.96788
2.50000,0.49994,0.02889,0.00000,0.00001,0.97110
2.56250,0.49994,0.01485,0.00000,0.00001,0.98514
2.62500,0.49994,0.01396,0.00000,0.00001,0.98603
2.68750,0.49994,0.01370,0.00000,0.00001,0.98630
2.75000,0.49994,0.01503,0.00000,0.00001,0.98496
2.81250,0.49994,0.01210,0.00000,0.00001,0.98789
2.87500,0.49994,0.00929,0.00000,0.00002,0.99069
2.93750,0.49994,0.00764,0.00000,0.00002,0.99234
3.00000,0.49994,0.00577,0.00000,0.00002,0.99421
3.06250,0.49994,0.00704,0.00000,0.00003,0.99294
3.12500,0.49994,0.00373,0.00000,0.00003,0.99623
3.18750,0.49994,0.00258,0.00000,0.00002,0.99740
3.25000,0.49994,0.00306,0.00000,0.00001,0.99693
3.31250,0.49994,0.00344,0.00000,0.00001,0.99656
3.37500,0.49994,0.00457,0.00000,0.00000,0.99543
3.43750,0.49994,0.00468,0.00000,0.00000,0.99532
3.50000,0.49994,0.00497,0.00000,0.00000,0.99503
3.56250,0.49994,0.00492,0.00000,0.00000,0.99508
3.62500,0.49994,0.00769,0.00000,0.00000,0.99231
3.68750,0.49994,0.01055,0.00000,0.00000,0.98945
3.75000,0.49994,0.00980,0.00000,0.00000,0.99020
3.81250,0.49994,0.00944,0.00000,0.00000,0.99056
3.87500,0.49994,0.00541,0.00000,0.00000,0.99458
3.93750,0.49994,0.00466,0.00000,0.00000,0.99534
4.00000,0.49994,0.00430,0.00000,0.00000,0.99569
4.06250,0.49994,0.00575,0.00000,0.00001,0.99424
4.12500,0.49994,0.00700,0.00000,0.00001,0.99299
4.18750,0.49994,0.00596,0.00000,0.00001,0.99403
4.25000,0.49994,0.00496,0.00000,0.00001,0.99504
4.31250,0.49994,0.00548,0.00000,0.00001,0.99450
4.37500,0.49994,0.00583,0.00000,0.00000,0.99417
4.43750,0.49994,0.00635,0.00000,0.00000,0.99364
4.50000,0.49994,0.00896,0.00000,0.00000,0.99104
4.56250,0.49994,0.00959,0.00000,0.00000,0.99041
4.62500,0.49994,0.00870,0.00000,0.00000,0.99130
4.68750,0.49994,0.00650,0.00000,0.00000,0.99350
4.75000,0.49994,0.00651,0.00000,0.00000,0.99349
4.81250,0.49994,0.00463,0.00000,0.00000,0.99537
4.87500,0.49994,0.00478,0.00000,0.00000,0.99521
4.93750,0.49994,0.00461,0.00000,0.00000,0.99539
5.00000,0.49994,0.00400,0.00000,0.00000,0.99600
5.06250,0.49994,0.00315,0.00000,0.00000,0.99685
5.12500,0.49994,0.00299,0.00000,0.00000,0.99701
5.18750,0.49994,0.00450,0.00000,0.00000,0.99549
5.25000,0.49994,0.00356,0.00000,0.00000,0.99644
5.31250,0.49994,0.00362,0.00000,0.00000,0.99638
5.37500,0.49994,0.00487,0.00000,0.00000,0.99513
5.43750,0.49994,0.00527,0.00000,0.00000,0.99473
5.50000,0.49994,0.00372,0.00000,0.00000,0.99627
5.56250,0.49994,0.00320,0.00000,0.00001,0.99679
5.62500,0.49994,0.00256,0.00000,0.00001,0.99744
5.68750,0.49994,0.00220,0.00000,0.00001,0.99779
5.75000,0.49994,0.00259,0.00000,0.00001,0.99741
5.81250,0.49994,0.00251,0.00000,0.00000,0.99749
5.87500,0.49994,0.00202,0.00000,0.00000,0.99798
5.93750,0.49994,0.00246,0.00000,0.00000,0.99754
6.00000,0.49994,0.00233,0.00000,0.00000,0.99767
6.06250,0.49994,0.00308,0.00000,0.00000,0.99691
6.12500,0.49994,0.00442,0.00000,0.00000,0.99558
6.18750,0.49994,0.00384,0.00000,0.00000,0.99616
6.25000,0.49994,0.00270,0.00000,0.00000,0.99730
6.31250,0.49994,0.00243,0.00000,0.00000,0.99757
6.37500,0.49994,0.00180,0.00000,0.00000,0.99820
6.43750,0.49994,0.00116,0.00000,0.00000,0.99884
6.50000,0.49994,0.00134,0.00000,0.00000,0.99866
6.56250,0.49994,0.00148,0.00000,0.00000,0.99852
6.62500,0.49994,0.00114,0.00000,0.00000,0.99886
6.68750,0.49994,0.00071,0.00000,0.00000,0.99929
6.75000,0.49994,0.00068,0.00000,0.00000,0.99932
6.81250,0.49994,0.00055,0.00000,0.00000,0.99945
6.87500,0.49994,0.00046,0.00000,0.00000,0.99954
6.93750,0.49994,0.00043,0.00000,0.00000,0.99957
7.00000,0.49994,0.00048,0.00000,0.00000,0.99951
7.06250,0.49994,0.00040,0.00000,0.00000,0.99960
7.12500,0.49994,0.00036,0.00000,0.00000,0.99964
7.18750,0.49994,0.00062,0.00000,0.00000,0.99937
7.25000,0.49994,0.00085,0.00000,0.00000,0.99915
7.31250,0.49994,0.00093,0.00000,0.00000,0.99907
7.37500,0.49994,0.00110,0.00000,0.00001,0.99889
7.43750,0.49994,0.00121,0.00000,0.00001,0.99877
7.50000,0.49994,0.00136,0.00000,0.00001,0.99863
7.56250,0.49994,0.00174,0.00000,0.00001,0.99825
7.62500,0.49994,0.00185,0.00000,0.00001,0.99814
7.68750,0.49994,0.00186,0.00000,0.00001,0.99813
7.75000,0.49994,0.00133,0.00000,0.00001,0.99867
7.81250,0.49994,0.00135,0.00000,0.00000,0.99864
7.87500,0.49994,0.00218,0.00000,0.00000,0.99782
7.93750,0.49994,0.00256,0.00000,0.00000,0.99744
8.00000,0.49994,0.00435,0.00000,0.00000,0.99565
8.06250,0.49994,0.00358,0.00000,0.00000,0.99642
8.12500,0.49994,0.00535,0.00000,0.00000,0.99465
8.18750,0.49994,0.00502,0.00000,0.00000,0.99498
8.25000,0.49994,0.01082,0.00000,0.00000,0.98918
8.31250,0.49994,0.01857,0.00000,0.00000,0.98143
8.37500,0.49994,0.02133,0.00000,0.00000,0.97867
8.43750,0.49994,0.03077,0.00000,0.00000,0.96923
8.50000,0.49994,0.02561,0.00000,0.00000,0.97439
8.56250,0.49994,0.03424,0.00000,0.00000,0.96576
8.62500,0.49994,0.03881,0.00000,0.00001,0.96118
8.68750,0.49994,0.05288,0.00000,0.00001,0.94711
8.75000,0.49994,0.06243,0.00000,0.00001,0.93756
8.81250,0.49994,0.07442,0.00000,0.00001,0.92557
8.87500,0.49994,0.07449,0.00000,0.00002,0.92549
8.93750,0.49994,0.07869,0.00000,0.00001,0.92130
9.00000,0.49994,0.08057,0.00000,0.00001,0.91942
9.06250,0.49994,0.09357,0.00000,0.00000,0.90642
9.12500,0.49994,0.11062,0.00000,0.00000,0.88938
9.18750,0.49994,0.13017,0.00000,0.00000,0.86983
9.25000,0.49994,0.09927,0.00000,0.00000,0.90072
9.31250,0.49994,0.12521,0.00000,0.00000,0.87478
9.37500,0.49994,0.13936,0.00000,0.00000,0.86064
9.43750,0.49994,0.19707,0.00000,0.00000,0.80293
9.50000,0.49994,0.22803,0.00000,0.00000,0.77197
9.56250,0.49994,0.24313,0.00000,0.00000,0.75687
9.62500,0.49994,0.25029,0.00000,0.00000,0.74971
9.68750,0.49994,0.32873,0.00000,0.00000,0.67127
9.75000,0.49994,0.52071,0.00000,0.00000,0.47929
9.81250,0.49994,0.61037,0.00000,0.00000,0.38963
9.87500,0.49994,0.71990,0.00000,0.00000,0.28010
9.93750,0.49994,0.79758,0.00000,0.00000,0.20242
10.00000,0.49994,0.89603,0.00000,0.00000,0.10397
10.06250,0.49994,0.93440,0.00000,0.00000,0.06560
10.12500,0.49994,0.97878,0.00000,0.00000,0.02122
10.18750,0.49994,0.99484,0.00000,0.00000,0.00516
10.25000,0.49994,0.99783,0.00000,0.00000,0.00217
10.31250,0.49994,0.99715,0.00000,0.00001,0.00284
10.37500,0.49994,0.99798,0.00000,0.00001,0.00201
10.43750,0.49994,0.99823,0.00000,0.00002,0.00175
10.50000,0.49994,0.99850,0.00000,0.00002,0.00148
10.56250,0.49994,0.99901,0.00000,0.00001,0.00098
10.62500,0.49994,0.99816,0.00000,0.00001,0.00183
10.68750,0.49994,0.99431,0.00000,0.00002,0.00567
10.75000,0.49994,0.98848,0.00000,0.00003,0.01149
10.81250,0.49994,0.99427,0.00000,0.00001,0.00572
10.87500,0.49994,0.99599,0.00000,0.00000,0.00401
10.93750,0.49994,0.99563,0.00000,0.00000,0.00436
11.00000,0.49994,0.99528,0.00000,0.00000,0.00472
11.06250,0.49994,0.99365,0.00000,0.00001,0.00634
11.12500,0.49994,0.99774,0.00000,0.00000,0.00226
11.18750,0.49994,0.99932,0.00000,0.00000,0.00068
11.25000,0.49994,0.99978,0.00000,0.00000,0.00022
11.31250,0.49994,0.99984,0.00000,0.00000,0.00016
11.37500,0.49994,0.99991,0.00000,0.00000,0.00009
11.43750,0.49994,0.99996,0.00000,0.00000,0.00004
11.50000,0.49994,0.99999,0.00000,0.00000,0.00001
11.56250,0.49994,1.00000,0.00000,0.00000,0.00000
11.62500,0.49994,1.00000,0.00000,0.00000,0.00000
11.68750,0.49994,0.99999,0.00000,0.00000,0.00001
11.75000,0.49994,0.99999,0.00000,0.00000,0.00001
11.81250,0.49994,0.99999,0.00000,0.00000,0.00001
11.87500,0.49994,0.99999,0.00000,0.00000,0.00001
11.93750,0.49994,0.99999,0.00000,0.00000,0.00001
12.00000,0.49994,0.99992,0.00000,0.00000,0.00008
12.06250,0.49994,0.99975,0.00000,0.00000,0.00025
12.12500,0.49994,0.99986,0.00000,0.00000,0.00014
12.18750,0.49994,0.99989,0.00000,0.00000,0.00011
12.25000,0.49994,0.99993,0.00000,0.00000,0.00007
12.31250,0.49994,0.99981,0.00000,0.00000,0.00019
12.37500,0.49994,0.99979,0.00000,0.00000,0.00021
12.43750,0.49994,0.99992,0.00000,0.00000,0.00008
12.50000,0.49994,0.99996,0.00000,0.00000,0.00004
12.56250,0.49994,0.99998,0.00000,0.00000,0.00002
12.62500,0.49994,0.99997,0.00000,0.00000,0.00003
12.68750,0.49994,0.99995,0.00000,0.00000,0.00005
12.75000,0.49994,0.99997,0.00000,0.00000,0.00003
