Time (seconds), Duration (seconds),pred_unlabeled,pred_east,pred_north,pred_west
0.00000,0.49994,1.00000,0.00000,0.00000,0.00000
0.06250,0.49994,1.00000,0.00000,0.00000,0.00000
0.12500,0.49994,0.35880,0.64116,0.00004,0.00000
0.18750,0.49994,0.20820,0.79177,0.00002,0.00000
0.25000,0.49994,0.19091,0.80907,0.00002,0.00000
0.31250,0.49994,0.21861,0.78137,0.00002,0.00000
0.37500,0.49994,0.21051,0.78947,0.00002,0.00000
0.43750,0.49994,0.12604,0.87392,0.00004,0.00000
0.50000,0.49994,0.08312,0.91678,0.00009,0.00000
0.56250,0.49994,0.04704,0.95284,0.00012,0.00000
0.62500,0.49994,0.05452,0.94540,0.00008,0.00000
0.68750,0.49994,0.05675,0.94316,0.00009,0.00000
0.75000,0.49994,0.04978,0.95013,0.00010,0.00000
0.81250,0.49994,0.04270,0.95721,0.00009,0.00000
0.87500,0.49994,0.03824,0.96168,0.00008,0.00000
0.93750,0.49994,0.03944,0.96049,0.00007,0.00000
1.00000,0.49994,0.04494,0.95501,0.00005,0.00000
1.06250,0.49994,0.03923,0.96072,0.00005,0.00000
1.12500,0.49994,0.02514,0.97478,0.00008,0.00000
1.18750,0.49994,0.02179,0.97814,0.00007,0.00000
1.25000,0.49994,0.01874,0.98120,0.00006,0.00000
1.31250,0.49994,0.01691,0.98302,0.00007,0.00000
1.37500,0.49994,0.01375,0.98617,0.00008,0.00000
1.43750,0.49994,0.01463,0.98532,0.00005,0.00000
1.50000,0.49994,0.01276,0.98717,0.00007,0.00000
1.56250,0.49994,0.01392,0.98599,0.00009,0.00000
1.62500,0.49994,0.01460,0.98528,0.00012,0.00000
1.68750,0.49994,0.01776,0.98211,0.00013,0.00000
1.75000,0.49994,0.02012,0.97977,0.00011,0.00000
1.81250,0.49994,0.01674,0.98310,0.00016,0.00000
1.87500,0.49994,0.02867,0.97122,0.00011,0.00000
1.93750,0.49994,0.02687,0.97298,0.00015,0.00000
2.00000,0.49994,0.03707,0.96280,0.00012,0.00000
2.06250,0.49994,0.06510,0.93482,0.00008,0.00000
2.12500,0.49994,0.06670,0.93323,0.00006,0.00000
2.18750,0.49994,0.05079,0.94911,0.00010,0.00000
2.25000,0.49994,0.03874,0.96109,0.00016,0.00000
2.31250,0.49994,0.03835,0.96147,0.00017,0.00000
2.37500,0.49994,0.02542,0.97433,0.00024,0.00001
2.43750,0.49994,0.02935,0.97041,0.00023,0.00001
2.50000,0.49994,0.02247,0.97725,0.00026,0.00001
2.56250,0.49994,0.01590,0.98382,0.00028,0.00000
2.62500,0.49994,0.01162,0.98800,0.00037,0.00000
2.68750,0.49994,0.00990,0.98976,0.00034,0.00000
2.75000,0.49994,0.00811,0.99155,0.00034,0.00000
2.81250,0.49994,0.00977,0.98997,0.00027,0.00000
2.87500,0.49994,0.00975,0.98996,0.00030,0.00000
2.93750,0.49994,0.00943,0.99031,0.00026,0.00000
3.00000,0.49994,0.00799,0.99171,0.00030,0.00000
3.06250,0.49994,0.00730,0.99231,0.00038,0.00001
3.12500,0.49994,0.00758,0.99194,0.00047,0.00001
3.18750,0.49994,0.00803,0.99142,0.00052,0.00003
3.25000,0.49994,0.01185,0.98781,0.00032,0.00003
3.31250,0.49994,0.01503,0.98465,0.00030,0.00002
3.37500,0.49994,0.01545,0.98421,0.00032,0.00002
3.43750,0.49994,0.02108,0.97861,0.00030,0.00002
3.50000,0.49994,0.02479,0.97491,0.00028,0.00001
3.56250,0.49994,0.02243,0.97722,0.00034,0.00001
3.62500,0.49994,0.02097,0.97878,0.00024,0.00001
3.68750,0.49994,0.02491,0.97486,0.00022,0.00001
3.75000,0.49994,0.02535,0.97442,0.00022,0.00001
3.81250,0.49994,0.01687,0.98292,0.00021,0.00000
3.87500,0.49994,0.01665,0.98317,0.00017,0.00000
3.93750,0.49994,0.01035,0.98944,0.00021,0.00000
4.00000,0.49994,0.00996,0.98985,0.00019,0.00000
4.06250,0.49994,0.00875,0.99111,0.00015,0.00000
4.12500,0.49994,0.00714,0.99274,0.00012,0.00000
4.18750,0.49994,0.00500,0.99489,0.00011,0.00000
4.25000,0.49994,0.00625,0.99364,0.00012,0.00000
4.31250,0.49994,0.00703,0.99285,0.00012,0.00000
4.37500,0.49994,0.00854,0.99135,0.00011,0.00000
4.43750,0.49994,0.01083,0.98905,0.00012,0.00000
4.50000,0.49994,0.01226,0.98760,0.00014,0.00000
4.56250,0.49994,0.01342,0.98640,0.00018,0.00000
4.62500,0.49994,0.02329,0.97653,0.00018,0.00000
4.68750,0.49994,0.03985,0.96002,0.00013,0.00000
4.75000,0.49994,0.03858,0.96126,0.00015,0.00000
4.81250,0.49994,0.04605,0.95371,0.00023,0.00001
4.87500,0.49994,0.05619,0.94354,0.00026,0.00001
4.93750,0.49994,0.06997,0.92977,0.00026,0.00001
5.00000,0.49994,0.06580,0.93394,0.00025,0.00001
5.06250,0.49994,0.05056,0.94928,0.00016,0.00000
5.12500,0.49994,0.03178,0.96808,0.00013,0.00000
5.18750,0.49994,0.01595,0.98386,0.00019,0.00000
5.25000,0.49994,0.00904,0.99077,0.00019,0.00000
5.31250,0.49994,0.00787,0.99200,0.00013,0.00000
5.37500,0.49994,0.00515,0.99473,0.00013,0.00000
5.43750,0.49994,0.00294,0.99694,0.00012,0.00000
5.50000,0.49994,0.00255,0.99735,0.00010,0.00000
5.56250,0.49994,0.00366,0.99621,0.00012,0.00000
5.62500,0.49994,0.00388,0.99601,0.00011,0.00000
5.68750,0.49994,0.00505,0.99486,0.00010,0.00000
5.75000,0.49994,0.00686,0.99303,0.00011,0.00000
5.81250,0.49994,0.00648,0.99339,0.00013,0.00000
5.87500,0.49994,0.00672,0.99315,0.00013,0.00000
5.93750,0.49994,0.01203,0.98785,0.00011,0.00000
6.00000,0.49994,0.01781,0.98210,0.00009,0.00000
6.06250,0.49994,0.01853,0.98137,0.00010,0.00001
6.12500,0.49994,0.02208,0.97778,0.00012,0.00002
6.18750,0.49994,0.04516,0.95474,0.00008,0.00002
6.25000,0.49994,0.05139,0.94848,0.00011,0.00002
6.31250,0.49994,0.06286,0.93699,0.00013,0.00002
6.37500,0.49994,0.09158,0.90831,0.00010,0.00001
6.43750,0.49994,0.09556,0.90434,0.00010,0.00000
6.50000,0.49994,0.06839,0.93146,0.00015,0.00001
6.56250,0.49994,0.05356,0.94626,0.00017,0.00001
6.62500,0.49994,0.04840,0.95139,0.00020,0.00001
6.68750,0.49994,0.02761,0.97200,0.00036,0.00002
6.75000,0.49994,0.02563,0.97406,0.00029,0.00002
6.81250,0.49994,0.02828,0.97151,0.00021,0.00001
6.87500,0.49994,0.02626,0.97344,0.00028,0.00002
6.93750,0.49994,0.02319,0.97634,0.00043,0.00004
7.00000,0.49994,0.02316,0.97633,0.00046,0.00005
7.06250,0.49994,0.02714,0.97229,0.00051,0.00005
7.12500,0.49994,0.03966,0.95980,0.00051,0.00004
7.18750,0.49994,0.04974,0.94967,0.00055,0.00003
7.25000,0.49994,0.06145,0.93814,0.00040,0.00002
7.31250,0.49994,0.06503,0.93448,0.00047,0.00002
7.37500,0.49994,0.06639,0.93323,0.00037,0.00001
7.43750,0.49994,0.07002,0.92965,0.00033,0.00001
7.50000,0.49994,0.11385,0.88594,0.00021,0.00000
7.56250,0.49994,0.19444,0.80546,0.00010,0.00000
7.62500,0.49994,0.27923,0.72071,0.00005,0.00000
7.68750,0.49994,0.33996,0.66001,0.00003,0.00000
7.75000,0.49994,0.41621,0.58375,0.00004,0.00000
7.81250,0.49994,0.51816,0.48182,0.00002,0.00000
7.87500,0.49994,0.66893,0.33106,0.00002,0.00000
7.93750,0.49994,0.72452,0.27547,0.00001,0.00000
8.00000,0.49994,0.70750,0.29248,0.00002,0.00000
8.06250,0.49994,0.74935,0.25064,0.00002,0.00000
8.12500,0.49994,0.83802,0.16196,0.00002,0.00000
8.18750,0.49994,0.97568,0.02430,0.00002,0.00000
8.25000,0.49994,0.98758,0.01240,0.00002,0.00000
8.31250,0.49994,0.99906,0.00093,0.00001,0.00000
8.37500,0.49994,1.00000,0.00000,0.00000,0.00000
8.43750,0.49994,1.00000,0.00000,0.00000,0.00000
8.50000,0.49994,1.00000,0.00000,0.00000,0.00000
8.56250,0.49994,1.00000,0.00000,0.00000,0.00000
8.62500,0.49994,1.00000,0.00000,0.00000,0.00000
8.68750,0.49994,1.00000,0.00000,0.00000,0.00000
8.75000,0.49994,1.00000,0.00000,0.00000,0.00000
8.81250,0.49994,1.00000,0.00000,0.00000,0.00000
8.87500,0.49994,1.00000,0.00000,0.00000,0.00000
8.93750,0.49994,1.00000,0.00000,0.00000,0.00000
9.00000,0.49994,1.00000,0.00000,0.00000,0.00000
9.06250,0.49994,1.00000,0.00000,0.00000,0.00000
