Time (seconds), Duration (seconds),pred_unlabeled,pred_east,pred_north,pred_west
0.00000,0.49994,1.00000,0.00000,0.00000,0.00000
0.06250,0.49994,0.99894,0.00000,0.00106,0.00001
0.12500,0.49994,0.03555,0.00054,0.95526,0.00865
0.18750,0.49994,0.02664,0.00172,0.95612,0.01552
0.25000,0.49994,0.02961,0.00136,0.93710,0.03192
0.31250,0.49994,0.01805,0.00026,0.97315,0.00854
0.37500,0.49994,0.00850,0.00003,0.98926,0.00221
0.43750,0.49994,0.00860,0.00001,0.99012,0.00127
0.50000,0.49994,0.00524,0.00000,0.99408,0.00067
0.56250,0.49994,0.00264,0.00000,0.99687,0.00049
0.62500,0.49994,0.00214,0.00000,0.99754,0.00032
0.68750,0.49994,0.00100,0.00000,0.99892,0.00008
0.75000,0.49994,0.00056,0.00000,0.99942,0.00002
0.81250,0.49994,0.00043,0.00000,0.99955,0.00002
0.87500,0.49994,0.00034,0.00000,0.99965,0.00001
0.93750,0.49994,0.00025,0.00000,0.99974,0.00001
1.00000,0.49994,0.00035,0.00000,0.99964,0.00001
1.06250,0.49994,0.00055,0.00000,0.99944,0.00001
1.12500,0.49994,0.00074,0.00000,0.99924,0.00001
1.18750,0.49994,0.00091,0.00000,0.99906,0.00004
1.25000,0.49994,0.00101,0.00000,0.99894,0.00004
1.31250,0.49994,0.00248,0.00000,0.99744,0.00008
1.37500,0.49994,0.00336,0.00000,0.99639,0.00025
1.43750,0.49994,0.00381,0.00000,0.99563,0.00056
1.50000,0.49994,0.00385,0.00000,0.99465,0.00150
1.56250,0.49994,0.00402,0.00000,0.99508,0.00090
1.62500,0.49994,0.00260,0.00000,0.99695,0.00045
1.68750,0.49994,0.00208,0.00000,0.99764,0.00028
1.75000,0.49994,0.00144,0.00000,0.99840,0.00016
1.81250,0.49994,0.00084,0.00000,0.99909,0.00007
1.87500,0.49994,0.00116,0.00000,0.99877,0.00008
1.93750,0.49994,0.00089,0.00000,0.99908,0.00003
2.00000,0.49994,0.00074,0.00000,0.99925,0.00000
2.06250,0.49994,0.00089,0.00000,0.99910,0.00001
2.12500,0.49994,0.00095,0.00000,0.99905,0.00000
2.18750,0.49994,0.00085,0.00000,0.99915,0.00000
2.25000,0.49994,0.00105,0.00000,0.99895,0.00000
2.31250,0.49994,0.00144,0.00000,0.99855,0.00001
2.37500,0.49994,0.00196,0.00000,0.99803,0.00001
2.43750,0.49994,0.00234,0.00000,0.99765,0.00002
2.50000,0.49994,0.00280,0.00000,0.99716,0.00005
2.56250,0.49994,0.00280,0.00000,0.99717,0.00002
2.62500,0.49994,0.00385,0.00001,0.99607,0.00008
2.68750,0.49994,0.00538,0.00001,0.99441,0.00020
2.75000,0.49994,0.00568,0.00003,0.99401,0.00029
2.81250,0.49994,0.00644,0.00005,0.99324,0.00027
2.87500,0.49994,0.00430,0.00003,0.99545,0.00022
2.93750,0.49994,0.00362,0.00002,0.99623,0.00014
3.00000,0.49994,0.00492,0.00002,0.99497,0.00009
3.06250,0.49994,0.00331,0.00001,0.99660,0.00007
3.12500,0.49994,0.00271,0.00001,0.99719,0.00009
3.18750,0.49994,0.00387,0.00001,0.99600,0.00012
3.25000,0.49994,0.00358,0.00000,0.99638,0.00004
3.31250,0.49994,0.00224,0.00000,0.99775,0.00001
3.37500,0.49994,0.00161,0.00000,0.99838,0.00000
3.43750,0.49994,0.00119,0.00000,0.99880,0.00001
3.50000,0.49994,0.00081,0.00000,0.99918,0.00001
3.56250,0.49994,0.00059,0.00000,0.99941,0.00000
3.62500,0.49994,0.00044,0.00000,0.99955,0.00000
3.68750,0.49994,0.00032,0.00000,0.99968,0.00000
3.75000,0.49994,0.00028,0.00000,0.99972,0.00000
3.81250,0.49994,0.00040,0.00000,0.99960,0.00000
3.87500,0.49994,0.00094,0.00001,0.99904,0.00000
3.93750,0.49994,0.00223,0.00006,0.99770,0.00001
4.00000,0.49994,0.00248,0.00004,0.99746,0.00002
4.06250,0.49994,0.00311,0.00002,0.99686,0.00002
4.12500,0.49994,0.00307,0.00001,0.99690,0.00002
4.18750,0.49994,0.00226,0.00000,0.99772,0.00002
4.25000,0.49994,0.00329,0.00000,0.99668,0.00003
4.31250,0.49994,0.00340,0.00000,0.99657,0.00002
4.37500,0.49994,0.00245,0.00000,0.99753,0.00002
4.43750,0.49994,0.00137,0.00000,0.99862,0.00001
4.50000,0.49994,0.00155,0.00000,0.99845,0.00000
4.56250,0.49994,0.00221,0.00000,0.99779,0.00000
4.62500,0.49994,0.00240,0.00001,0.99759,0.00001
4.68750,0.49994,0.00227,0.00004,0.99769,0.00001
4.75000,0.49994,0.00224,0.00004,0.99771,0.00001
4.81250,0.49994,0.00141,0.00002,0.99856,0.00001
4.87500,0.49994,0.00098,0.00001,0.99901,0.00000
4.93750,0.49994,0.00088,0.00003,0.99908,0.00000
5.00000,0.49994,0.00039,0.00001,0.99960,0.00000
5.06250,0.49994,0.00023,0.00000,0.99977,0.00000
5.12500,0.49994,0.00021,0.00000,0.99979,0.00000
5.18750,0.49994,0.00021,0.00000,0.99979,0.00000
5.25000,0.49994,0.00025,0.00000,0.99975,0.00000
5.31250,0.49994,0.00041,0.00000,0.99959,0.00000
5.37500,0.49994,0.00053,0.00000,0.99947,0.00000
5.43750,0.49994,0.00063,0.00000,0.99936,0.00000
5.50000,0.49994,0.00079,0.00000,0.99920,0.00000
5.56250,0.49994,0.00118,0.00000,0.99882,0.00000
5.62500,0.49994,0.00191,0.00000,0.99808,0.00000
5.68750,0.49994,0.00304,0.00000,0.99696,0.00001
5.75000,0.49994,0.00350,0.00000,0.99648,0.00001
5.81250,0.49994,0.00454,0.00000,0.99545,0.00000
5.87500,0.49994,0.00434,0.00000,0.99566,0.00000
5.93750,0.49994,0.00553,0.00000,0.99447,0.00000
6.00000,0.49994,0.00772,0.00000,0.99228,0.00000
6.06250,0.49994,0.00898,0.00000,0.99102,0.00000
6.12500,0.49994,0.01235,0.00000,0.98764,0.00000
6.18750,0.49994,0.01517,0.00000,0.98482,0.00000
6.25000,0.49994,0.01820,0.00000,0.98180,0.00000
6.31250,0.49994,0.01606,0.00000,0.98394,0.00000
6.37500,0.49994,0.02180,0.00001,0.97819,0.00000
6.43750,0.49994,0.01669,0.00001,0.98329,0.00001
6.50000,0.49994,0.02441,0.00003,0.97549,0.00007
6.56250,0.49994,0.02262,0.00009,0.97709,0.00020
6.62500,0.49994,0.01918,0.00009,0.98056,0.00016
6.68750,0.49994,0.02005,0.00011,0.97969,0.00015
6.75000,0.49994,0.01601,0.00013,0.98379,0.00007
6.81250,0.49994,0.01837,0.00023,0.98133,0.00007
6.87500,0.49994,0.03013,0.00027,0.96954,0.00006
6.93750,0.49994,0.04556,0.00013,0.95428,0.00004
7.00000,0.49994,0.05727,0.00006,0.94266,0.00001
7.06250,0.49994,0.13760,0.00014,0.86224,0.00001
7.12500,0.49994,0.17433,0.00010,0.82555,0.00001
7.18750,0.49994,0.21695,0.00012,0.78292,0.00001
7.25000,0.49994,0.35152,0.00027,0.64818,0.00002
7.31250,0.49994,0.46073,0.00023,0.53903,0.00001
7.37500,0.49994,0.33587,0.00007,0.66406,0.00001
7.43750,0.49994,0.35890,0.00002,0.64108,0.00000
7.50000,0.49994,0.44564,0.00002,0.55434,0.00000
7.56250,0.49994,0.49819,0.00001,0.50180,0.00000
7.62500,0.49994,0.73494,0.00001,0.26504,0.00000
7.68750,0.49994,0.91329,0.00000,0.08671,0.00000
7.75000,0.49994,0.98558,0.00000,0.01442,0.00000
7.81250,0.49994,0.99859,0.00000,0.00141,0.00000
7.87500,0.49994,0.99993,0.00000,0.00007,0.00000
7.93750,0.49994,0.99999,0.00000,0.00001,0.00000
8.00000,0.49994,1.00000,0.00000,0.00000,0.00000
8.06250,0.49994,1.00000,0.00000,0.00000,0.00000
8.12500,0.49994,1.00000,0.00000,0.00000,0.00000
8.18750,0.49994,1.00000,0.00000,0.00000,0.00000
8.25000,0.49994,1.00000,0.00000,0.00000,0.00000
8.31250,0.49994,1.00000,0.00000,0.00000,0.00000
8.37500,0.49994,1.00000,0.00000,0.00000,0.00000
8.43750,0.49994,1.00000,0.00000,0.00000,0.00000
8.50000,0.49994,1.00000,0.00000,0.00000,0.00000
8.56250,0.49994,1.00000,0.00000,0.00000,0.00000
8.62500,0.49994,1.00000,0.00000,0.00000,0.00000
8.68750,0.49994,1.00000,0.00000,0.00000,0.00000
8.75000,0.49994,1.00000,0.00000,0.00000,0.00000
8.81250,0.49994,1.00000,0.00000,0.00000,0.00000
8.87500,0.49994,1.00000,0.00000,0.00000,0.00000
8.93750,0.49994,1.00000,0.00000,0.00000,0.00000
9.00000,0.49994,1.00000,0.00000,0.00000,0.00000
9.06250,0.49994,1.00000,0.00000,0.00000,0.00000
9.12500,0.49994,1.00000,0.00000,0.00000,0.00000
9.18750,0.49994,1.00000,0.00000,0.00000,0.00000
9.25000,0.49994,1.00000,0.00000,0.00000,0.00000
