Time (seconds), Duration (seconds),pred_unlabeled,pred_east,pred_north,pred_west
0.00000,0.49994,1.00000,0.00000,0.00000,0.00000
0.06250,0.49994,0.99352,0.00641,0.00007,0.00000
0.12500,0.49994,0.04344,0.95643,0.00013,0.00000
0.18750,0.49994,0.02792,0.97201,0.00007,0.00000
0.25000,0.49994,0.02186,0.97805,0.00008,0.00001
0.31250,0.49994,0.01362,0.98632,0.00005,0.00001
0.37500,0.49994,0.01090,0.98899,0.00010,0.00001
0.43750,0.49994,0.00879,0.99113,0.00007,0.00001
0.50000,0.49994,0.00573,0.99413,0.00011,0.00003
0.56250,0.49994,0.00415,0.99561,0.00013,0.00011
0.62500,0.49994,0.00420,0.99558,0.00010,0.00011
0.68750,0.49994,0.00538,0.99442,0.00011,0.00010
0.75000,0.49994,0.00642,0.99346,0.00007,0.00004
0.81250,0.49994,0.00608,0.99384,0.00005,0.00003
0.87500,0.49994,0.00503,0.99485,0.00007,0.00005
0.93750,0.49994,0.00398,0.99592,0.00006,0.00004
1.00000,0.49994,0.00401,0.99594,0.00004,0.00001
1.06250,0.49994,0.00521,0.99475,0.00004,0.00000
1.12500,0.49994,0.00426,0.99570,0.00004,0.00001
1.18750,0.49994,0.00385,0.99609,0.00005,0.00001
1.25000,0.49994,0.00336,0.99658,0.00005,0.00001
1.31250,0.49994,0.00262,0.99730,0.00006,0.00001
1.37500,0.49994,0.00334,0.99660,0.00005,0.00001
1.43750,0.49994,0.00436,0.99556,0.00007,0.00001
1.50000,0.49994,0.00393,0.99595,0.00010,0.00001
1.56250,0.49994,0.00344,0.99650,0.00004,0.00002
1.62500,0.49994,0.00511,0.99486,0.00001,0.00001
1.68750,0.49994,0.00512,0.99486,0.00001,0.00001
1.75000,0.49994,0.00466,0.99533,0.00001,0.00001
1.81250,0.49994,0.00510,0.99489,0.00001,0.00001
1.87500,0.49994,0.00456,0.99542,0.00000,0.00001
1.93750,0.49994,0.00414,0.99584,0.00000,0.00002
2.00000,0.49994,0.00605,0.99393,0.00000,0.00001
2.06250,0.49994,0.00608,0.99391,0.00000,0.00001
2.12500,0.49994,0.00595,0.99405,0.00000,0.00001
2.18750,0.49994,0.00578,0.99421,0.00000,0.00001
2.25000,0.49994,0.00557,0.99442,0.00000,0.00000
2.31250,0.49994,0.00599,0.99400,0.00000,0.00000
2.37500,0.49994,0.00710,0.99289,0.00000,0.00000
2.43750,0.49994,0.00849,0.99151,0.00000,0.00000
2.50000,0.49994,0.00859,0.99140,0.00000,0.00000
2.56250,0.49994,0.00814,0.99186,0.00000,0.00000
2.62500,0.49994,0.00726,0.99274,0.00000,0.00000
2.68750,0.49994,0.00818,0.99182,0.00000,0.00000
2.75000,0.49994,0.01138,0.98861,0.00000,0.00000
2.81250,0.49994,0.01587,0.98413,0.00000,0.00000
2.87500,0.49994,0.01742,0.98258,0.00000,0.00000
2.93750,0.49994,0.01613,0.98387,0.00000,0.00000
3.00000,0.49994,0.01805,0.98195,0.00000,0.00000
3.06250,0.49994,0.02163,0.97836,0.00000,0.00000
3.12500,0.49994,0.02033,0.97967,0.00000,0.00000
3.18750,0.49994,0.01793,0.98207,0.00000,0.00000
3.25000,0.49994,0.01474,0.98525,0.00000,0.00000
3.31250,0.49994,0.00998,0.99002,0.00000,0.00000
3.37500,0.49994,0.00702,0.99297,0.00000,0.00000
3.43750,0.49994,0.00501,0.99498,0.00000,0.00001
3.50000,0.49994,0.00397,0.99603,0.00000,0.00001
3.56250,0.49994,0.00341,0.99658,0.00000,0.00001
3.62500,0.49994,0.00247,0.99752,0.00000,0.00001
3.68750,0.49994,0.00157,0.99842,0.00000,0.00001
3.75000,0.49994,0.00126,0.99874,0.00000,0.00001
3.81250,0.49994,0.00105,0.99894,0.00000,0.00001
3.87500,0.49994,0.00085,0.99913,0.00001,0.00001
3.93750,0.49994,0.00084,0.99915,0.00001,0.00001
4.00000,0.49994,0.00071,0.99926,0.00001,0.00002
4.06250,0.49994,0.00062,0.99934,0.00001,0.00002
4.12500,0.49994,0.00068,0.99929,0.00001,0.00002
4.18750,0.49994,0.00069,0.99928,0.00001,0.00002
4.25000,0.49994,0.00045,0.99952,0.00001,0.00002
4.31250,0.49994,0.00042,0.99955,0.00001,0.00002
4.37500,0.49994,0.00049,0.99948,0.00001,0.00002
4.43750,0.49994,0.00069,0.99929,0.00000,0.00002
4.50000,0.49994,0.00077,0.99922,0.00000,0.00000
4.56250,0.49994,0.00056,0.99943,0.00000,0.00000
4.62500,0.49994,0.00054,0.99946,0.00000,0.00000
4.68750,0.49994,0.00055,0.99944,0.00000,0.00000
4.75000,0.49994,0.00073,0.99926,0.00000,0.00000
4.81250,0.49994,0.00088,0.99912,0.00000,0.00000
4.87500,0.49994,0.00089,0.99910,0.00000,0.00000
4.93750,0.49994,0.00072,0.99927,0.00000,0.00000
5.00000,0.49994,0.00060,0.99939,0.00000,0.00000
5.06250,0.49994,0.00084,0.99916,0.00000,0.00000
5.12500,0.49994,0.00091,0.99909,0.00000,0.00000
5.18750,0.49994,0.00087,0.99913,0.00000,0.00000
5.25000,0.49994,0.00094,0.99906,0.00000,0.00001
5.31250,0.49994,0.00104,0.99896,0.00000,0.00000
5.37500,0.49994,0.00132,0.99867,0.00000,0.00000
5.43750,0.49994,0.00143,0.99856,0.00000,0.00001
5.50000,0.49994,0.00219,0.99780,0.00000,0.00001
5.56250,0.49994,0.00210,0.99789,0.00000,0.00001
5.62500,0.49994,0.00265,0.99734,0.00000,0.00001
5.68750,0.49994,0.00352,0.99647,0.00000,0.00001
5.75000,0.49994,0.00462,0.99537,0.00000,0.00001
5.81250,0.49994,0.00616,0.99383,0.00000,0.00001
5.87500,0.49994,0.00724,0.99276,0.00000,0.00001
5.93750,0.49994,0.00820,0.99179,0.00000,0.00001
6.00000,0.49994,0.00760,0.99239,0.00000,0.00000
6.06250,0.49994,0.00789,0.99210,0.00000,0.00001
6.12500,0.49994,0.00705,0.99293,0.00000,0.00001
6.18750,0.49994,0.00715,0.99282,0.00001,0.00003
6.25000,0.49994,0.00532,0.99461,0.00001,0.00006
6.31250,0.49994,0.00410,0.99578,0.00001,0.00012
6.37500,0.49994,0.00372,0.99610,0.00000,0.00018
6.43750,0.49994,0.00491,0.99482,0.00000,0.00026
6.50000,0.49994,0.00493,0.99459,0.00001,0.00047
6.56250,0.49994,0.00684,0.99242,0.00001,0.00074
6.62500,0.49994,0.00901,0.99023,0.00001,0.00076
6.68750,0.49994,0.01114,0.98812,0.00002,0.00072
6.75000,0.49994,0.01408,0.98523,0.00002,0.00067
6.81250,0.49994,0.01766,0.98196,0.00002,0.00037
6.87500,0.49994,0.02174,0.97799,0.00002,0.00024
6.93750,0.49994,0.02704,0.97266,0.00003,0.00026
7.00000,0.49994,0.03233,0.96735,0.00004,0.00028
7.06250,0.49994,0.02655,0.97319,0.00004,0.00022
7.12500,0.49994,0.02150,0.97808,0.00005,0.00037
7.18750,0.49994,0.02371,0.97597,0.00003,0.00029
7.25000,0.49994,0.02486,0.97485,0.00004,0.00025
7.31250,0.49994,0.03384,0.96588,0.00003,0.00025
7.37500,0.49994,0.04408,0.95563,0.00002,0.00027
7.43750,0.49994,0.05280,0.94703,0.00002,0.00015
7.50000,0.49994,0.09834,0.90158,0.00001,0.00008
7.56250,0.49994,0.16454,0.83538,0.00001,0.00008
7.62500,0.49994,0.18089,0.81892,0.00002,0.00017
7.68750,0.49994,0.19586,0.80362,0.00005,0.00047
7.75000,0.49994,0.36351,0.63574,0.00009,0.00066
7.81250,0.49994,0.39880,0.59925,0.00030,0.00164
7.87500,0.49994,0.53466,0.45724,0.00131,0.00678
7.93750,0.49994,0.76480,0.20884,0.00436,0.02200
8.00000,0.49994,0.73830,0.13949,0.01568,0.10652
8.06250,0.49994,0.72092,0.06015,0.02292,0.19601
8.12500,0.49994,0.87195,0.01784,0.01843,0.09178
8.18750,0.49994,0.94394,0.00478,0.01210,0.03918
8.25000,0.49994,0.97918,0.00066,0.00427,0.01589
8.31250,0.49994,0.99825,0.00002,0.00107,0.00066
8.37500,0.49994,0.99951,0.00000,0.00040,0.00009
8.43750,0.49994,0.99973,0.00000,0.00019,0.00008
8.50000,0.49994,0.99997,0.00000,0.00003,0.00000
8.56250,0.49994,0.99999,0.00000,0.00001,0.00000
8.62500,0.49994,1.00000,0.00000,0.00000,0.00000
8.68750,0.49994,1.00000,0.00000,0.00000,0.00000
8.75000,0.49994,1.00000,0.00000,0.00000,0.00000
8.81250,0.49994,1.00000,0.00000,0.00000,0.00000
8.87500,0.49994,1.00000,0.00000,0.00000,0.00000
8.93750,0.49994,1.00000,0.00000,0.00000,0.00000
9.00000,0.49994,1.00000,0.00000,0.00000,0.00000
9.06250,0.49994,0.99999,0.00000,0.00001,0.00000
9.12500,0.49994,0.99995,0.00000,0.00005,0.00000
