Time (seconds), Duration (seconds),pred_unlabeled,pred_east,pred_north,pred_west
0.00000,0.49994,1.00000,0.00000,0.00000,0.00000
0.06250,0.49994,1.00000,0.00000,0.00000,0.00000
0.12500,0.49994,0.04865,0.00000,0.95132,0.00002
0.18750,0.49994,0.00569,0.00001,0.99427,0.00003
0.25000,0.49994,0.00679,0.00002,0.99314,0.00005
0.31250,0.49994,0.00871,0.00003,0.99107,0.00019
0.37500,0.49994,0.00715,0.00002,0.99268,0.00014
0.43750,0.49994,0.00801,0.00002,0.99168,0.00029
0.50000,0.49994,0.01526,0.00004,0.98447,0.00024
0.56250,0.49994,0.02946,0.00009,0.97010,0.00035
0.62500,0.49994,0.02822,0.00008,0.97138,0.00032
0.68750,0.49994,0.05143,0.00014,0.94798,0.00046
0.75000,0.49994,0.03703,0.00003,0.96265,0.00029
0.81250,0.49994,0.02672,0.00001,0.97279,0.00048
0.87500,0.49994,0.02765,0.00001,0.97184,0.00050
0.93750,0.49994,0.01511,0.00001,0.98427,0.00061
1.00000,0.49994,0.00828,0.00000,0.99080,0.00092
1.06250,0.49994,0.00401,0.00000,0.99547,0.00052
1.12500,0.49994,0.00333,0.00000,0.99619,0.00048
1.18750,0.49994,0.00238,0.00000,0.99740,0.00022
1.25000,0.49994,0.00252,0.00000,0.99678,0.00069
1.31250,0.49994,0.00143,0.00000,0.99814,0.00043
1.37500,0.49994,0.00126,0.00000,0.99830,0.00043
1.43750,0.49994,0.00107,0.00000,0.99871,0.00022
1.50000,0.49994,0.00068,0.00000,0.99917,0.00015
1.56250,0.49994,0.00081,0.00000,0.99878,0.00041
1.62500,0.49994,0.00088,0.00000,0.99882,0.00029
1.68750,0.49994,0.00089,0.00000,0.99873,0.00038
1.75000,0.49994,0.00106,0.00000,0.99867,0.00026
1.81250,0.49994,0.00141,0.00000,0.99841,0.00018
1.87500,0.49994,0.00141,0.00000,0.99841,0.00017
1.93750,0.49994,0.00346,0.00001,0.99621,0.00032
2.00000,0.49994,0.00674,0.00003,0.99270,0.00053
2.06250,0.49994,0.00617,0.00003,0.99356,0.00024
2.12500,0.49994,0.00919,0.00006,0.99037,0.00037
2.18750,0.49994,0.00841,0.00004,0.99124,0.00031
2.25000,0.49994,0.00259,0.00001,0.99688,0.00052
2.31250,0.49994,0.00293,0.00001,0.99580,0.00126
2.37500,0.49994,0.00383,0.00001,0.99524,0.00092
2.43750,0.49994,0.00324,0.00001,0.99581,0.00094
2.50000,0.49994,0.00183,0.00000,0.99696,0.00121
2.56250,0.49994,0.00105,0.00000,0.99693,0.00202
2.62500,0.49994,0.00043,0.00000,0.99842,0.00114
2.68750,0.49994,0.00061,0.00000,0.99882,0.00057
2.75000,0.49994,0.00146,0.00001,0.99810,0.00044
2.81250,0.49994,0.00072,0.00000,0.99902,0.00026
2.87500,0.49994,0.00058,0.00000,0.99908,0.00034
2.93750,0.49994,0.00031,0.00000,0.99949,0.00019
3.00000,0.49994,0.00049,0.00000,0.99936,0.00015
3.06250,0.49994,0.00084,0.00001,0.99912,0.00004
3.12500,0.49994,0.00137,0.00001,0.99858,0.00003
3.18750,0.49994,0.00073,0.00000,0.99915,0.00011
3.25000,0.49994,0.00140,0.00002,0.99840,0.00019
3.31250,0.49994,0.00188,0.00002,0.99794,0.00017
3.37500,0.49994,0.00144,0.00001,0.99846,0.00009
3.43750,0.49994,0.00159,0.00001,0.99832,0.00009
3.50000,0.49994,0.00121,0.00001,0.99871,0.00007
3.56250,0.49994,0.00070,0.00000,0.99922,0.00008
3.62500,0.49994,0.00038,0.00000,0.99955,0.00007
3.68750,0.49994,0.00020,0.00000,0.99973,0.00007
3.75000,0.49994,0.00010,0.00000,0.99986,0.00004
3.81250,0.49994,0.00010,0.00000,0.99984,0.00006
3.87500,0.49994,0.00009,0.00000,0.99987,0.00004
3.93750,0.49994,0.00014,0.00000,0.99978,0.00008
4.00000,0.49994,0.00014,0.00000,0.99977,0.00008
4.06250,0.49994,0.00013,0.00000,0.99966,0.00022
4.12500,0.49994,0.00011,0.00000,0.99966,0.00023
4.18750,0.49994,0.00014,0.00000,0.99977,0.00009
4.25000,0.49994,0.00010,0.00000,0.99988,0.00002
4.31250,0.49994,0.00007,0.00000,0.99992,0.00001
4.37500,0.49994,0.00008,0.00000,0.99990,0.00001
4.43750,0.49994,0.00009,0.00000,0.99990,0.00001
4.50000,0.49994,0.00004,0.00000,0.99995,0.00000
4.56250,0.49994,0.00002,0.00000,0.99997,0.00000
4.62500,0.49994,0.00002,0.00000,0.99998,0.00001
4.68750,0.49994,0.00001,0.00000,0.99997,0.00002
4.75000,0.49994,0.00000,0.00000,0.99992,0.00008
4.81250,0.49994,0.00001,0.00000,0.99988,0.00011
4.87500,0.49994,0.00001,0.00000,0.99985,0.00014
4.93750,0.49994,0.00000,0.00000,0.99983,0.00016
5.00000,0.49994,0.00000,0.00000,0.99963,0.00036
5.06250,0.49994,0.00001,0.00000,0.99924,0.00075
5.12500,0.49994,0.00002,0.00000,0.99935,0.00063
5.18750,0.49994,0.00002,0.00000,0.99941,0.00058
5.25000,0.49994,0.00004,0.00000,0.99891,0.00105
5.31250,0.49994,0.00004,0.00000,0.99907,0.00089
5.37500,0.49994,0.00005,0.00000,0.99827,0.00168
5.43750,0.49994,0.00006,0.00000,0.99849,0.00145
5.50000,0.49994,0.00014,0.00000,0.99945,0.00040
5.56250,0.49994,0.00009,0.00000,0.99976,0.00016
5.62500,0.49994,0.00016,0.00000,0.99971,0.00014
5.68750,0.49994,0.00059,0.00000,0.99936,0.00004
5.75000,0.49994,0.00083,0.00001,0.99915,0.00001
5.81250,0.49994,0.00118,0.00001,0.99881,0.00000
5.87500,0.49994,0.00168,0.00001,0.99831,0.00000
5.93750,0.49994,0.00181,0.00001,0.99819,0.00000
6.00000,0.49994,0.00205,0.00001,0.99794,0.00000
6.06250,0.49994,0.00394,0.00001,0.99605,0.00000
6.12500,0.49994,0.00658,0.00001,0.99341,0.00000
6.18750,0.49994,0.01308,0.00001,0.98691,0.00000
6.25000,0.49994,0.01391,0.00001,0.98608,0.00000
6.31250,0.49994,0.01490,0.00001,0.98509,0.00001
6.37500,0.49994,0.01992,0.00001,0.98006,0.00001
6.43750,0.49994,0.03818,0.00001,0.96179,0.00002
6.50000,0.49994,0.05424,0.00001,0.94569,0.00007
6.56250,0.49994,0.08239,0.00001,0.91755,0.00005
6.62500,0.49994,0.08187,0.00001,0.91810,0.00002
6.68750,0.49994,0.07715,0.00001,0.92283,0.00001
6.75000,0.49994,0.07324,0.00001,0.92675,0.00000
6.81250,0.49994,0.07895,0.00000,0.92105,0.00000
6.87500,0.49994,0.06216,0.00000,0.93783,0.00000
6.93750,0.49994,0.05393,0.00000,0.94607,0.00000
7.00000,0.49994,0.05098,0.00000,0.94902,0.00000
7.06250,0.49994,0.03274,0.00000,0.96726,0.00000
7.12500,0.49994,0.04948,0.00000,0.95052,0.00000
7.18750,0.49994,0.05376,0.00000,0.94624,0.00000
7.25000,0.49994,0.05010,0.00000,0.94990,0.00000
7.31250,0.49994,0.11859,0.00000,0.88141,0.00000
7.37500,0.49994,0.23094,0.00000,0.76906,0.00000
7.43750,0.49994,0.24955,0.00000,0.75045,0.00000
7.50000,0.49994,0.24167,0.00000,0.75833,0.00000
7.56250,0.49994,0.38940,0.00000,0.61060,0.00000
7.62500,0.49994,0.55812,0.00000,0.44188,0.00000
7.68750,0.49994,0.94160,0.00000,0.05840,0.00000
7.75000,0.49994,0.99983,0.00000,0.00017,0.00000
7.81250,0.49994,1.00000,0.00000,0.00000,0.00000
7.87500,0.49994,1.00000,0.00000,0.00000,0.00000
7.93750,0.49994,1.00000,0.00000,0.00000,0.00000
8.00000,0.49994,1.00000,0.00000,0.00000,0.00000
8.06250,0.49994,1.00000,0.00000,0.00000,0.00000
8.12500,0.49994,1.00000,0.00000,0.00000,0.00000
8.18750,0.49994,1.00000,0.00000,0.00000,0.00000
8.25000,0.49994,1.00000,0.00000,0.00000,0.00000
8.31250,0.49994,1.00000,0.00000,0.00000,0.00000
8.37500,0.49994,1.00000,0.00000,0.00000,0.00000
8.43750,0.49994,1.00000,0.00000,0.00000,0.00000
8.50000,0.49994,1.00000,0.00000,0.00000,0.00000
8.56250,0.49994,1.00000,0.00000,0.00000,0.00000
8.62500,0.49994,1.00000,0.00000,0.00000,0.00000
8.68750,0.49994,1.00000,0.00000,0.00000,0.00000
8.75000,0.49994,1.00000,0.00000,0.00000,0.00000
8.81250,0.49994,1.00000,0.00000,0.00000,0.00000
8.87500,0.49994,1.00000,0.00000,0.00000,0.00000
8.93750,0.49994,1.00000,0.00000,0.00000,0.00000
9.00000,0.49994,1.00000,0.00000,0.00000,0.00000
9.06250,0.49994,1.00000,0.00000,0.00000,0.00000
9.12500,0.49994,1.00000,0.00000,0.00000,0.00000
9.18750,0.49994,1.00000,0.00000,0.00000,0.00000
9.25000,0.49994,1.00000,0.00000,0.00000,0.00000
9.31250,0.49994,1.00000,0.00000,0.00000,0.00000
9.37500,0.49994,1.00000,0.00000,0.00000,0.00000
9.43750,0.49994,1.00000,0.00000,0.00000,0.00000
9.50000,0.49994,1.00000,0.00000,0.00000,0.00000
