Time (seconds), Duration (seconds),pred_unlabeled,pred_east,pred_north,pred_west
0.00000,0.49994,1.00000,0.00000,0.00000,0.00000
0.06250,0.49994,1.00000,0.00000,0.00000,0.00000
0.12500,0.49994,0.05906,0.93980,0.00114,0.00001
0.18750,0.49994,0.02644,0.97252,0.00103,0.00001
0.25000,0.49994,0.02162,0.97745,0.00091,0.00001
0.31250,0.49994,0.01727,0.98191,0.00081,0.00002
0.37500,0.49994,0.01673,0.98270,0.00055,0.00001
0.43750,0.49994,0.01800,0.98140,0.00059,0.00001
0.50000,0.49994,0.01855,0.98076,0.00066,0.00004
0.56250,0.49994,0.01592,0.98341,0.00057,0.00009
0.62500,0.49994,0.01635,0.98304,0.00051,0.00010
0.68750,0.49994,0.01620,0.98327,0.00043,0.00009
0.75000,0.49994,0.01759,0.98194,0.00040,0.00007
0.81250,0.49994,0.01633,0.98335,0.00027,0.00005
0.87500,0.49994,0.01501,0.98468,0.00024,0.00007
0.93750,0.49994,0.01229,0.98753,0.00013,0.00005
1.00000,0.49994,0.01120,0.98872,0.00007,0.00002
1.06250,0.49994,0.01210,0.98782,0.00007,0.00001
1.12500,0.49994,0.01077,0.98915,0.00006,0.00001
1.18750,0.49994,0.01133,0.98858,0.00008,0.00002
1.25000,0.49994,0.01182,0.98804,0.00011,0.00003
1.31250,0.49994,0.01088,0.98895,0.00014,0.00003
1.37500,0.49994,0.01160,0.98824,0.00014,0.00002
1.43750,0.49994,0.01257,0.98718,0.00022,0.00002
1.50000,0.49994,0.00933,0.99044,0.00021,0.00003
1.56250,0.49994,0.00871,0.99102,0.00022,0.00005
1.62500,0.49994,0.01169,0.98792,0.00034,0.00006
1.68750,0.49994,0.01140,0.98828,0.00027,0.00005
1.75000,0.49994,0.00897,0.99083,0.00017,0.00003
1.81250,0.49994,0.00879,0.99106,0.00012,0.00002
1.87500,0.49994,0.00744,0.99242,0.00012,0.00002
1.93750,0.49994,0.00719,0.99266,0.00009,0.00005
2.00000,0.49994,0.00808,0.99177,0.00011,0.00004
2.06250,0.49994,0.00790,0.99202,0.00006,0.00001
2.12500,0.49994,0.00648,0.99346,0.00005,0.00001
2.18750,0.49994,0.00681,0.99313,0.00005,0.00001
2.25000,0.49994,0.00670,0.99326,0.00004,0.00001
2.31250,0.49994,0.00721,0.99273,0.00005,0.00001
2.37500,0.49994,0.00803,0.99190,0.00006,0.00001
2.43750,0.49994,0.00786,0.99206,0.00006,0.00001
2.50000,0.49994,0.00816,0.99173,0.00011,0.00001
2.56250,0.49994,0.00814,0.99167,0.00018,0.00001
2.62500,0.49994,0.00832,0.99150,0.00018,0.00001
2.68750,0.49994,0.00837,0.99140,0.00022,0.00001
2.75000,0.49994,0.00905,0.99069,0.00025,0.00001
2.81250,0.49994,0.00819,0.99166,0.00014,0.00001
2.87500,0.49994,0.00824,0.99166,0.00009,0.00001
2.93750,0.49994,0.00789,0.99200,0.00010,0.00001
3.00000,0.49994,0.01028,0.98959,0.00012,0.00001
3.06250,0.49994,0.01118,0.98864,0.00017,0.00001
3.12500,0.49994,0.00985,0.99001,0.00013,0.00001
3.18750,0.49994,0.00790,0.99200,0.00008,0.00001
3.25000,0.49994,0.00753,0.99233,0.00012,0.00003
3.31250,0.49994,0.00708,0.99281,0.00009,0.00002
3.37500,0.49994,0.00659,0.99328,0.00009,0.00003
3.43750,0.49994,0.00550,0.99442,0.00004,0.00004
3.50000,0.49994,0.00391,0.99604,0.00002,0.00004
3.56250,0.49994,0.00349,0.99647,0.00001,0.00003
3.62500,0.49994,0.00314,0.99681,0.00000,0.00004
3.68750,0.49994,0.00290,0.99707,0.00000,0.00002
3.75000,0.49994,0.00303,0.99695,0.00000,0.00002
3.81250,0.49994,0.00324,0.99673,0.00000,0.00002
3.87500,0.49994,0.00311,0.99687,0.00000,0.00001
3.93750,0.49994,0.00382,0.99615,0.00001,0.00002
4.00000,0.49994,0.00457,0.99538,0.00001,0.00004
4.06250,0.49994,0.00431,0.99563,0.00002,0.00004
4.12500,0.49994,0.00452,0.99543,0.00003,0.00003
4.18750,0.49994,0.00416,0.99579,0.00003,0.00002
4.25000,0.49994,0.00313,0.99684,0.00002,0.00001
4.31250,0.49994,0.00278,0.99719,0.00002,0.00001
4.37500,0.49994,0.00273,0.99723,0.00002,0.00001
4.43750,0.49994,0.00266,0.99730,0.00003,0.00001
4.50000,0.49994,0.00212,0.99786,0.00001,0.00000
4.56250,0.49994,0.00192,0.99807,0.00001,0.00000
4.62500,0.49994,0.00201,0.99799,0.00001,0.00000
4.68750,0.49994,0.00229,0.99771,0.00000,0.00000
4.75000,0.49994,0.00266,0.99733,0.00001,0.00000
4.81250,0.49994,0.00300,0.99699,0.00000,0.00000
4.87500,0.49994,0.00323,0.99677,0.00000,0.00000
4.93750,0.49994,0.00332,0.99668,0.00000,0.00000
5.00000,0.49994,0.00350,0.99649,0.00000,0.00000
5.06250,0.49994,0.00407,0.99593,0.00000,0.00000
5.12500,0.49994,0.00404,0.99596,0.00000,0.00000
5.18750,0.49994,0.00394,0.99606,0.00000,0.00000
5.25000,0.49994,0.00405,0.99594,0.00000,0.00000
5.31250,0.49994,0.00431,0.99569,0.00000,0.00001
5.37500,0.49994,0.00588,0.99411,0.00000,0.00002
5.43750,0.49994,0.00626,0.99371,0.00000,0.00002
5.50000,0.49994,0.00773,0.99222,0.00001,0.00005
5.56250,0.49994,0.00864,0.99132,0.00001,0.00003
5.62500,0.49994,0.01018,0.98977,0.00001,0.00004
5.68750,0.49994,0.01110,0.98885,0.00001,0.00004
5.75000,0.49994,0.01352,0.98645,0.00001,0.00002
5.81250,0.49994,0.01432,0.98565,0.00001,0.00002
5.87500,0.49994,0.01312,0.98685,0.00002,0.00001
5.93750,0.49994,0.01371,0.98627,0.00002,0.00001
6.00000,0.49994,0.01188,0.98810,0.00002,0.00000
6.06250,0.49994,0.01181,0.98817,0.00002,0.00001
6.12500,0.49994,0.01183,0.98813,0.00002,0.00001
6.18750,0.49994,0.01282,0.98712,0.00003,0.00003
6.25000,0.49994,0.01197,0.98791,0.00004,0.00008
6.31250,0.49994,0.01181,0.98796,0.00004,0.00019
6.37500,0.49994,0.01153,0.98819,0.00004,0.00024
6.43750,0.49994,0.01194,0.98762,0.00005,0.00039
6.50000,0.49994,0.01251,0.98689,0.00005,0.00056
6.56250,0.49994,0.01550,0.98361,0.00009,0.00080
6.62500,0.49994,0.01740,0.98160,0.00011,0.00090
6.68750,0.49994,0.02249,0.97666,0.00016,0.00069
6.75000,0.49994,0.02245,0.97683,0.00020,0.00052
6.81250,0.49994,0.02822,0.97130,0.00020,0.00029
6.87500,0.49994,0.03212,0.96746,0.00018,0.00024
6.93750,0.49994,0.03626,0.96325,0.00022,0.00027
7.00000,0.49994,0.05203,0.94732,0.00035,0.00030
7.06250,0.49994,0.04110,0.95847,0.00022,0.00021
7.12500,0.49994,0.03484,0.96465,0.00023,0.00029
7.18750,0.49994,0.03367,0.96579,0.00023,0.00031
7.25000,0.49994,0.03740,0.96219,0.00020,0.00021
7.31250,0.49994,0.03521,0.96439,0.00021,0.00019
7.37500,0.49994,0.04063,0.95880,0.00034,0.00023
7.43750,0.49994,0.04632,0.95318,0.00031,0.00018
7.50000,0.49994,0.04875,0.95077,0.00033,0.00014
7.56250,0.49994,0.07714,0.92212,0.00049,0.00025
7.62500,0.49994,0.10237,0.89626,0.00047,0.00089
7.68750,0.49994,0.19008,0.80630,0.00060,0.00302
7.75000,0.49994,0.38536,0.60569,0.00095,0.00800
7.81250,0.49994,0.61183,0.37027,0.00097,0.01694
7.87500,0.49994,0.92369,0.04306,0.00017,0.03308
7.93750,0.49994,0.98414,0.00054,0.00001,0.01531
8.00000,0.49994,0.97955,0.00003,0.00000,0.02042
8.06250,0.49994,0.98115,0.00000,0.00000,0.01885
8.12500,0.49994,0.99745,0.00000,0.00000,0.00255
8.18750,0.49994,0.99967,0.00000,0.00000,0.00033
8.25000,0.49994,0.99994,0.00000,0.00000,0.00006
8.31250,0.49994,1.00000,0.00000,0.00000,0.00000
8.37500,0.49994,1.00000,0.00000,0.00000,0.00000
8.43750,0.49994,1.00000,0.00000,0.00000,0.00000
8.50000,0.49994,1.00000,0.00000,0.00000,0.00000
8.56250,0.49994,1.00000,0.00000,0.00000,0.00000
8.62500,0.49994,1.00000,0.00000,0.00000,0.00000
8.68750,0.49994,1.00000,0.00000,0.00000,0.00000
8.75000,0.49994,1.00000,0.00000,0.00000,0.00000
8.81250,0.49994,1.00000,0.00000,0.00000,0.00000
8.87500,0.49994,1.00000,0.00000,0.00000,0.00000
8.93750,0.49994,1.00000,0.00000,0.00000,0.00000
9.00000,0.49994,1.00000,0.00000,0.00000,0.00000
9.06250,0.49994,1.00000,0.00000,0.00000,0.00000
9.12500,0.49994,1.00000,0.00000,0.00000,0.00000
