Time (seconds), Duration (seconds),pred_unlabeled,pred_east,pred_north,pred_west,pred_northeast,pred_northwest
0.00000,0.49994,0.61843,0.00000,0.00000,0.00000,0.27672,0.10486
0.12500,0.49994,0.62123,0.00000,0.00000,0.00000,0.27903,0.09974
0.25000,0.49994,0.62528,0.00000,0.00000,0.00000,0.27779,0.09694
0.37500,0.49994,0.63027,0.00000,0.00000,0.00000,0.27340,0.09633
0.50000,0.49994,0.64215,0.00000,0.00000,0.00000,0.30955,0.04830
0.62500,0.49994,0.36668,0.00000,0.00000,0.00000,0.63044,0.00288
0.75000,0.49994,0.10650,0.00000,0.00001,0.00000,0.89338,0.00011
0.87500,0.49994,0.02441,0.00002,0.00032,0.00000,0.97524,0.00000
1.00000,0.49994,0.00997,0.00013,0.00087,0.00000,0.98903,0.00000
1.12500,0.49994,0.00880,0.00025,0.00066,0.00000,0.99028,0.00000
1.25000,0.49994,0.00690,0.00143,0.00046,0.00000,0.99122,0.00000
1.37500,0.49994,0.01289,0.02137,0.00026,0.00000,0.96547,0.00001
1.50000,0.49994,0.01318,0.05987,0.00008,0.00000,0.92683,0.00004
1.62500,0.49994,0.01576,0.54155,0.00003,0.00001,0.44251,0.00014
1.75000,0.49994,0.02116,0.61397,0.00001,0.00001,0.36470,0.00015
1.87500,0.49994,0.02084,0.36757,0.00002,0.00001,0.61140,0.00016
2.00000,0.49994,0.00786,0.04411,0.00003,0.00000,0.94796,0.00004
2.12500,0.49994,0.00370,0.00551,0.00006,0.00000,0.99072,0.00001
2.25000,0.49994,0.00114,0.00056,0.00007,0.00000,0.99823,0.00000
2.37500,0.49994,0.00037,0.00003,0.00004,0.00000,0.99956,0.00000
2.50000,0.49994,0.00015,0.00001,0.00002,0.00000,0.99982,0.00000
2.62500,0.49994,0.00008,0.00001,0.00001,0.00000,0.99991,0.00000
2.75000,0.49994,0.00022,0.00004,0.00001,0.00000,0.99973,0.00000
2.87500,0.49994,0.00111,0.00168,0.00001,0.00000,0.99719,0.00001
3.00000,0.49994,0.00952,0.10425,0.00002,0.00002,0.88606,0.00012
3.12500,0.49994,0.01776,0.29322,0.00001,0.00003,0.68866,0.00031
3.25000,0.49994,0.01450,0.11467,0.00001,0.00001,0.87059,0.00021
3.37500,0.49994,0.00689,0.02233,0.00001,0.00001,0.97067,0.00011
3.50000,0.49994,0.00219,0.00143,0.00000,0.00000,0.99634,0.00003
3.62500,0.49994,0.00081,0.00017,0.00001,0.00000,0.99900,0.00001
3.75000,0.49994,0.00052,0.00008,0.00001,0.00000,0.99939,0.00000
3.87500,0.49994,0.00014,0.00002,0.00001,0.00000,0.99983,0.00000
4.00000,0.49994,0.00021,0.00003,0.00001,0.00000,0.99975,0.00000
4.12500,0.49994,0.00022,0.00011,0.00001,0.00000,0.99967,0.00000
4.25000,0.49994,0.00041,0.00063,0.00001,0.00000,0.99895,0.00001
4.37500,0.49994,0.00158,0.00475,0.00001,0.00001,0.99361,0.00005
4.50000,0.49994,0.00281,0.02215,0.00001,0.00003,0.97492,0.00008
4.62500,0.49994,0.00385,0.01196,0.00001,0.00005,0.98400,0.00012
4.75000,0.49994,0.00246,0.00403,0.00001,0.00002,0.99341,0.00007
4.87500,0.49994,0.00143,0.00172,0.00001,0.00001,0.99680,0.00003
5.00000,0.49994,0.00033,0.00009,0.00001,0.00000,0.99957,0.00000
5.12500,0.49994,0.00011,0.00002,0.00000,0.00000,0.99987,0.00000
5.25000,0.49994,0.00004,0.00000,0.00000,0.00000,0.99995,0.00000
5.37500,0.49994,0.00002,0.00000,0.00000,0.00000,0.99997,0.00000
5.50000,0.49994,0.00004,0.00001,0.00001,0.00000,0.99994,0.00000
5.62500,0.49994,0.00015,0.00007,0.00001,0.00000,0.99977,0.00000
5.75000,0.49994,0.00043,0.00051,0.00002,0.00000,0.99903,0.00000
5.87500,0.49994,0.00169,0.00337,0.00003,0.00000,0.99490,0.00001
6.00000,0.49994,0.00341,0.00596,0.00003,0.00001,0.99057,0.00002
6.12500,0.49994,0.00120,0.00276,0.00001,0.00000,0.99602,0.00001
6.25000,0.49994,0.00024,0.00042,0.00001,0.00000,0.99933,0.00000
6.37500,0.49994,0.00004,0.00003,0.00000,0.00000,0.99993,0.00000
6.50000,0.49994,0.00001,0.00000,0.00000,0.00000,0.99999,0.00000
6.62500,0.49994,0.00000,0.00000,0.00000,0.00000,0.99999,0.00000
6.75000,0.49994,0.00000,0.00000,0.00000,0.00000,0.99999,0.00000
6.87500,0.49994,0.00001,0.00000,0.00000,0.00000,0.99999,0.00000
7.00000,0.49994,0.00008,0.00001,0.00000,0.00000,0.99991,0.00000
7.12500,0.49994,0.00042,0.00011,0.00000,0.00000,0.99947,0.00000
7.25000,0.49994,0.00322,0.00193,0.00001,0.00000,0.99483,0.00001
7.37500,0.49994,0.01176,0.01549,0.00003,0.00000,0.97269,0.00003
7.50000,0.49994,0.01175,0.01566,0.00004,0.00000,0.97251,0.00003
7.62500,0.49994,0.00926,0.01045,0.00005,0.00000,0.98022,0.00003
7.75000,0.49994,0.00724,0.00162,0.00006,0.00000,0.99107,0.00002
7.87500,0.49994,0.00369,0.00015,0.00004,0.00000,0.99611,0.00001
8.00000,0.49994,0.00348,0.00008,0.00006,0.00000,0.99637,0.00001
8.12500,0.49994,0.00453,0.00010,0.00012,0.00000,0.99524,0.00000
8.25000,0.49994,0.00545,0.00011,0.00015,0.00000,0.99429,0.00000
8.37500,0.49994,0.00978,0.00057,0.00024,0.00000,0.98940,0.00001
8.50000,0.49994,0.01210,0.00077,0.00031,0.00000,0.98682,0.00001
8.62500,0.49994,0.02824,0.00147,0.00038,0.00000,0.96989,0.00001
8.75000,0.49994,0.12746,0.00458,0.00066,0.00000,0.86726,0.00004
8.87500,0.49994,0.21923,0.00859,0.00069,0.00000,0.77141,0.00007
9.00000,0.49994,0.40411,0.00930,0.00063,0.00000,0.58585,0.00011
9.12500,0.49994,0.55138,0.01414,0.00049,0.00000,0.43381,0.00018
9.25000,0.49994,0.57403,0.00912,0.00042,0.00000,0.41603,0.00039
9.37500,0.49994,0.66023,0.00093,0.00029,0.00000,0.33816,0.00040
9.50000,0.49994,0.69018,0.00007,0.00007,0.00000,0.30816,0.00153
9.62500,0.49994,0.71046,0.00000,0.00000,0.00000,0.28347,0.00607
9.75000,0.49994,0.69149,0.00000,0.00000,0.00000,0.28648,0.02203
9.87500,0.49994,0.63613,0.00000,0.00000,0.00000,0.29561,0.06826
10.00000,0.49994,0.61461,0.00000,0.00000,0.00000,0.28187,0.10353
10.12500,0.49994,0.62458,0.00000,0.00000,0.00000,0.28087,0.09455
10.25000,0.49994,0.62429,0.00000,0.00000,0.00000,0.28440,0.09132
10.37500,0.49994,0.63297,0.00000,0.00000,0.00000,0.27759,0.08944
10.50000,0.49994,0.61364,0.00000,0.00000,0.00000,0.31781,0.06855
