Time (seconds), Duration (seconds),pred_unlabeled,pred_east,pred_north,pred_west
0.00000,0.49994,1.00000,0.00000,0.00000,0.00000
0.06250,0.49994,0.99987,0.00000,0.00014,0.00000
0.12500,0.49994,0.00860,0.00001,0.99139,0.00000
0.18750,0.49994,0.00566,0.00001,0.99433,0.00000
0.25000,0.49994,0.00338,0.00000,0.99662,0.00000
0.31250,0.49994,0.00166,0.00000,0.99834,0.00000
0.37500,0.49994,0.00090,0.00000,0.99910,0.00000
0.43750,0.49994,0.00081,0.00000,0.99919,0.00000
0.50000,0.49994,0.00045,0.00000,0.99955,0.00000
0.56250,0.49994,0.00035,0.00000,0.99965,0.00000
0.62500,0.49994,0.00021,0.00000,0.99979,0.00000
0.68750,0.49994,0.00021,0.00000,0.99979,0.00000
0.75000,0.49994,0.00024,0.00000,0.99976,0.00000
0.81250,0.49994,0.00022,0.00000,0.99978,0.00000
0.87500,0.49994,0.00024,0.00000,0.99976,0.00000
0.93750,0.49994,0.00020,0.00000,0.99980,0.00000
1.00000,0.49994,0.00021,0.00000,0.99979,0.00000
1.06250,0.49994,0.00021,0.00000,0.99979,0.00000
1.12500,0.49994,0.00030,0.00000,0.99970,0.00000
1.18750,0.49994,0.00039,0.00000,0.99961,0.00000
1.25000,0.49994,0.00112,0.00000,0.99888,0.00000
1.31250,0.49994,0.00337,0.00000,0.99662,0.00000
1.37500,0.49994,0.00524,0.00000,0.99476,0.00000
1.43750,0.49994,0.00766,0.00003,0.99230,0.00000
1.50000,0.49994,0.01048,0.00008,0.98944,0.00000
1.56250,0.49994,0.00682,0.00003,0.99316,0.00000
1.62500,0.49994,0.01222,0.00016,0.98760,0.00001
1.68750,0.49994,0.02053,0.00044,0.97896,0.00007
1.75000,0.49994,0.01259,0.00035,0.98704,0.00002
1.81250,0.49994,0.00658,0.00022,0.99320,0.00000
1.87500,0.49994,0.00457,0.00028,0.99515,0.00000
1.93750,0.49994,0.00485,0.00008,0.99507,0.00000
2.00000,0.49994,0.00491,0.00011,0.99498,0.00000
2.06250,0.49994,0.00512,0.00015,0.99473,0.00000
2.12500,0.49994,0.00299,0.00007,0.99694,0.00000
2.18750,0.49994,0.00177,0.00005,0.99818,0.00000
2.25000,0.49994,0.00113,0.00002,0.99885,0.00000
2.31250,0.49994,0.00089,0.00000,0.99910,0.00000
2.37500,0.49994,0.00080,0.00000,0.99920,0.00000
2.43750,0.49994,0.00066,0.00000,0.99933,0.00000
2.50000,0.49994,0.00057,0.00000,0.99943,0.00000
2.56250,0.49994,0.00124,0.00001,0.99875,0.00000
2.62500,0.49994,0.00108,0.00000,0.99891,0.00000
2.68750,0.49994,0.00086,0.00000,0.99914,0.00000
2.75000,0.49994,0.00115,0.00000,0.99885,0.00000
2.81250,0.49994,0.00151,0.00000,0.99849,0.00000
2.87500,0.49994,0.00120,0.00000,0.99879,0.00000
2.93750,0.49994,0.00113,0.00000,0.99887,0.00000
3.00000,0.49994,0.00056,0.00000,0.99944,0.00000
3.06250,0.49994,0.00050,0.00000,0.99950,0.00000
3.12500,0.49994,0.00057,0.00000,0.99943,0.00000
3.18750,0.49994,0.00047,0.00000,0.99953,0.00000
3.25000,0.49994,0.00055,0.00000,0.99945,0.00000
3.31250,0.49994,0.00050,0.00000,0.99950,0.00000
3.37500,0.49994,0.00048,0.00000,0.99952,0.00000
3.43750,0.49994,0.00041,0.00000,0.99959,0.00000
3.50000,0.49994,0.00050,0.00000,0.99950,0.00000
3.56250,0.49994,0.00031,0.00000,0.99969,0.00000
3.62500,0.49994,0.00032,0.00000,0.99968,0.00000
3.68750,0.49994,0.00037,0.00000,0.99963,0.00000
3.75000,0.49994,0.00042,0.00000,0.99957,0.00000
3.81250,0.49994,0.00035,0.00000,0.99965,0.00000
3.87500,0.49994,0.00032,0.00000,0.99968,0.00000
3.93750,0.49994,0.00030,0.00000,0.99970,0.00000
4.00000,0.49994,0.00035,0.00000,0.99965,0.00000
4.06250,0.49994,0.00027,0.00000,0.99973,0.00000
4.12500,0.49994,0.00036,0.00000,0.99964,0.00000
4.18750,0.49994,0.00037,0.00000,0.99963,0.00000
4.25000,0.49994,0.00026,0.00000,0.99974,0.00000
4.31250,0.49994,0.00034,0.00000,0.99966,0.00000
4.37500,0.49994,0.00063,0.00000,0.99937,0.00000
4.43750,0.49994,0.00080,0.00000,0.99920,0.00000
4.50000,0.49994,0.00070,0.00000,0.99930,0.00000
4.56250,0.49994,0.00152,0.00000,0.99848,0.00000
4.62500,0.49994,0.00126,0.00000,0.99874,0.00000
4.68750,0.49994,0.00139,0.00000,0.99861,0.00000
4.75000,0.49994,0.00122,0.00000,0.99878,0.00000
4.81250,0.49994,0.00105,0.00000,0.99895,0.00000
4.87500,0.49994,0.00055,0.00000,0.99945,0.00000
4.93750,0.49994,0.00041,0.00000,0.99959,0.00000
5.00000,0.49994,0.00042,0.00000,0.99958,0.00000
5.06250,0.49994,0.00042,0.00000,0.99958,0.00000
5.12500,0.49994,0.00066,0.00000,0.99934,0.00000
5.18750,0.49994,0.00081,0.00000,0.99919,0.00000
5.25000,0.49994,0.00079,0.00000,0.99921,0.00000
5.31250,0.49994,0.00103,0.00000,0.99897,0.00000
5.37500,0.49994,0.00141,0.00001,0.99859,0.00000
5.43750,0.49994,0.00310,0.00003,0.99687,0.00000
5.50000,0.49994,0.00587,0.00004,0.99409,0.00000
5.56250,0.49994,0.00730,0.00004,0.99265,0.00000
5.62500,0.49994,0.01716,0.00006,0.98279,0.00000
5.68750,0.49994,0.03978,0.00007,0.96015,0.00000
5.75000,0.49994,0.09758,0.00039,0.90203,0.00000
5.81250,0.49994,0.11008,0.00031,0.88961,0.00000
5.87500,0.49994,0.15855,0.00073,0.84072,0.00000
5.93750,0.49994,0.15786,0.00060,0.84155,0.00000
6.00000,0.49994,0.13210,0.00050,0.86740,0.00000
6.06250,0.49994,0.11034,0.00026,0.88940,0.00000
6.12500,0.49994,0.03811,0.00008,0.96181,0.00000
6.18750,0.49994,0.02014,0.00004,0.97982,0.00000
6.25000,0.49994,0.02260,0.00002,0.97738,0.00000
6.31250,0.49994,0.02730,0.00003,0.97268,0.00000
6.37500,0.49994,0.02301,0.00002,0.97697,0.00000
6.43750,0.49994,0.02601,0.00003,0.97396,0.00000
6.50000,0.49994,0.02595,0.00003,0.97402,0.00000
6.56250,0.49994,0.03025,0.00002,0.96973,0.00000
6.62500,0.49994,0.05342,0.00004,0.94655,0.00000
6.68750,0.49994,0.05805,0.00007,0.94188,0.00000
6.75000,0.49994,0.04065,0.00005,0.95930,0.00000
6.81250,0.49994,0.04733,0.00005,0.95262,0.00000
6.87500,0.49994,0.09532,0.00003,0.90465,0.00000
6.93750,0.49994,0.35804,0.00001,0.64195,0.00000
7.00000,0.49994,0.73581,0.00000,0.26419,0.00000
7.06250,0.49994,0.96241,0.00000,0.03759,0.00000
7.12500,0.49994,0.99825,0.00000,0.00175,0.00000
7.18750,0.49994,0.99996,0.00000,0.00004,0.00000
7.25000,0.49994,1.00000,0.00000,0.00000,0.00000
7.31250,0.49994,1.00000,0.00000,0.00000,0.00000
7.37500,0.49994,1.00000,0.00000,0.00000,0.00000
7.43750,0.49994,1.00000,0.00000,0.00000,0.00000
7.50000,0.49994,1.00000,0.00000,0.00000,0.00000
7.56250,0.49994,1.00000,0.00000,0.00000,0.00000
7.62500,0.49994,1.00000,0.00000,0.00000,0.00000
