Time (seconds), Duration (seconds),pred_unlabeled,pred_east,pred_north,pred_west
0.00000,0.49994,1.00000,0.00000,0.00000,0.00000
0.06250,0.49994,1.00000,0.00000,0.00000,0.00000
0.12500,0.49994,0.34116,0.65798,0.00086,0.00000
0.18750,0.49994,0.20383,0.79541,0.00076,0.00000
0.25000,0.49994,0.23176,0.76784,0.00040,0.00000
0.31250,0.49994,0.17155,0.82791,0.00054,0.00000
0.37500,0.49994,0.17462,0.82497,0.00041,0.00000
0.43750,0.49994,0.12641,0.87201,0.00159,0.00000
0.50000,0.49994,0.07309,0.92369,0.00323,0.00000
0.56250,0.49994,0.05111,0.94711,0.00178,0.00000
0.62500,0.49994,0.03885,0.96050,0.00064,0.00000
0.68750,0.49994,0.02904,0.97029,0.00068,0.00000
0.75000,0.49994,0.02349,0.97600,0.00051,0.00000
0.81250,0.49994,0.02108,0.97837,0.00055,0.00000
0.87500,0.49994,0.02284,0.97661,0.00055,0.00000
0.93750,0.49994,0.02058,0.97924,0.00018,0.00000
1.00000,0.49994,0.02040,0.97940,0.00021,0.00000
1.06250,0.49994,0.03219,0.96767,0.00014,0.00000
1.12500,0.49994,0.02547,0.97432,0.00020,0.00000
1.18750,0.49994,0.04150,0.95823,0.00027,0.00000
1.25000,0.49994,0.04966,0.94966,0.00068,0.00000
1.31250,0.49994,0.05705,0.94224,0.00071,0.00000
1.37500,0.49994,0.10707,0.89274,0.00018,0.00000
1.43750,0.49994,0.14717,0.85272,0.00012,0.00000
1.50000,0.49994,0.14168,0.85819,0.00012,0.00000
1.56250,0.49994,0.07136,0.92847,0.00017,0.00000
1.62500,0.49994,0.06452,0.93534,0.00014,0.00000
1.68750,0.49994,0.04501,0.95489,0.00010,0.00000
1.75000,0.49994,0.02908,0.97082,0.00009,0.00000
1.81250,0.49994,0.01872,0.98122,0.00006,0.00000
1.87500,0.49994,0.00776,0.99208,0.00015,0.00000
1.93750,0.49994,0.00407,0.99562,0.00031,0.00000
2.00000,0.49994,0.00282,0.99698,0.00020,0.00000
2.06250,0.49994,0.00245,0.99740,0.00015,0.00000
2.12500,0.49994,0.00239,0.99736,0.00025,0.00000
2.18750,0.49994,0.00249,0.99708,0.00043,0.00000
2.25000,0.49994,0.00497,0.99453,0.00050,0.00000
2.31250,0.49994,0.00864,0.99080,0.00056,0.00000
2.37500,0.49994,0.00928,0.99005,0.00067,0.00000
2.43750,0.49994,0.01065,0.98845,0.00089,0.00000
2.50000,0.49994,0.01072,0.98818,0.00109,0.00000
2.56250,0.49994,0.01601,0.98304,0.00095,0.00000
2.62500,0.49994,0.02594,0.97383,0.00024,0.00000
2.68750,0.49994,0.02515,0.97471,0.00014,0.00000
2.75000,0.49994,0.02225,0.97769,0.00006,0.00000
2.81250,0.49994,0.01695,0.98301,0.00004,0.00000
2.87500,0.49994,0.01876,0.98120,0.00004,0.00000
2.93750,0.49994,0.01980,0.98017,0.00004,0.00000
3.00000,0.49994,0.02289,0.97707,0.00004,0.00000
3.06250,0.49994,0.01767,0.98228,0.00005,0.00000
3.12500,0.49994,0.01022,0.98971,0.00007,0.00000
3.18750,0.49994,0.00837,0.99157,0.00006,0.00000
3.25000,0.49994,0.00579,0.99415,0.00005,0.00000
3.31250,0.49994,0.00432,0.99562,0.00006,0.00000
3.37500,0.49994,0.00254,0.99741,0.00005,0.00000
3.43750,0.49994,0.00171,0.99827,0.00002,0.00000
3.50000,0.49994,0.00113,0.99885,0.00002,0.00000
3.56250,0.49994,0.00148,0.99850,0.00002,0.00000
3.62500,0.49994,0.00131,0.99866,0.00003,0.00000
3.68750,0.49994,0.00152,0.99845,0.00004,0.00000
3.75000,0.49994,0.00162,0.99834,0.00004,0.00000
3.81250,0.49994,0.00197,0.99798,0.00005,0.00000
3.87500,0.49994,0.00324,0.99670,0.00006,0.00000
3.93750,0.49994,0.00395,0.99593,0.00012,0.00000
4.00000,0.49994,0.00579,0.99402,0.00019,0.00000
4.06250,0.49994,0.00552,0.99432,0.00016,0.00000
4.12500,0.49994,0.00756,0.99231,0.00013,0.00000
4.18750,0.49994,0.02057,0.97938,0.00005,0.00000
4.25000,0.49994,0.03788,0.96209,0.00003,0.00000
4.31250,0.49994,0.04317,0.95679,0.00004,0.00000
4.37500,0.49994,0.03153,0.96845,0.00001,0.00000
4.43750,0.49994,0.02577,0.97423,0.00001,0.00000
4.50000,0.49994,0.01758,0.98242,0.00000,0.00000
4.56250,0.49994,0.01379,0.98621,0.00000,0.00000
4.62500,0.49994,0.00977,0.99023,0.00000,0.00000
4.68750,0.49994,0.00313,0.99687,0.00000,0.00000
4.75000,0.49994,0.00143,0.99857,0.00000,0.00000
4.81250,0.49994,0.00112,0.99888,0.00000,0.00000
4.87500,0.49994,0.00125,0.99875,0.00000,0.00000
4.93750,0.49994,0.00133,0.99867,0.00000,0.00000
5.00000,0.49994,0.00146,0.99854,0.00000,0.00000
5.06250,0.49994,0.00245,0.99754,0.00000,0.00000
5.12500,0.49994,0.00403,0.99597,0.00000,0.00000
5.18750,0.49994,0.00981,0.99019,0.00000,0.00000
5.25000,0.49994,0.01653,0.98347,0.00000,0.00000
5.31250,0.49994,0.02535,0.97465,0.00001,0.00000
5.37500,0.49994,0.02396,0.97603,0.00001,0.00000
5.43750,0.49994,0.04520,0.95478,0.00002,0.00000
5.50000,0.49994,0.07593,0.92403,0.00005,0.00000
5.56250,0.49994,0.06944,0.93047,0.00009,0.00000
5.62500,0.49994,0.07915,0.92080,0.00005,0.00000
5.68750,0.49994,0.05210,0.94777,0.00013,0.00000
5.75000,0.49994,0.04531,0.95455,0.00014,0.00000
5.81250,0.49994,0.05626,0.94341,0.00033,0.00000
5.87500,0.49994,0.05516,0.94469,0.00015,0.00000
5.93750,0.49994,0.04170,0.95813,0.00017,0.00000
6.00000,0.49994,0.03629,0.96348,0.00022,0.00000
6.06250,0.49994,0.03994,0.95962,0.00044,0.00000
6.12500,0.49994,0.02596,0.97305,0.00099,0.00000
6.18750,0.49994,0.02377,0.97527,0.00096,0.00000
6.25000,0.49994,0.02301,0.97547,0.00152,0.00000
6.31250,0.49994,0.01465,0.98375,0.00159,0.00001
6.37500,0.49994,0.02123,0.97038,0.00832,0.00007
6.43750,0.49994,0.01645,0.97361,0.00986,0.00008
6.50000,0.49994,0.01621,0.97259,0.01108,0.00012
6.56250,0.49994,0.01268,0.97906,0.00816,0.00010
6.62500,0.49994,0.01148,0.98297,0.00550,0.00005
6.68750,0.49994,0.01017,0.98532,0.00448,0.00003
6.75000,0.49994,0.01122,0.98538,0.00339,0.00002
6.81250,0.49994,0.01999,0.97665,0.00335,0.00001
6.87500,0.49994,0.01850,0.97995,0.00155,0.00000
6.93750,0.49994,0.04798,0.95062,0.00140,0.00000
7.00000,0.49994,0.06427,0.93485,0.00088,0.00000
7.06250,0.49994,0.08254,0.91675,0.00071,0.00000
7.12500,0.49994,0.15762,0.84186,0.00052,0.00000
7.18750,0.49994,0.27381,0.72590,0.00030,0.00000
7.25000,0.49994,0.27285,0.72685,0.00030,0.00000
7.31250,0.49994,0.35058,0.64900,0.00042,0.00000
7.37500,0.49994,0.65205,0.34728,0.00067,0.00000
7.43750,0.49994,0.86571,0.13190,0.00240,0.00000
7.50000,0.49994,0.97796,0.01625,0.00579,0.00000
7.56250,0.49994,0.99050,0.00203,0.00747,0.00000
7.62500,0.49994,0.98702,0.00010,0.01288,0.00000
7.68750,0.49994,0.97947,0.00001,0.02053,0.00000
7.75000,0.49994,0.99426,0.00000,0.00574,0.00000
7.81250,0.49994,0.99964,0.00000,0.00036,0.00000
7.87500,0.49994,0.99993,0.00000,0.00007,0.00000
7.93750,0.49994,0.99999,0.00000,0.00001,0.00000
8.00000,0.49994,1.00000,0.00000,0.00000,0.00000
8.06250,0.49994,1.00000,0.00000,0.00000,0.00000
8.12500,0.49994,1.00000,0.00000,0.00000,0.00000
8.18750,0.49994,0.99999,0.00000,0.00000,0.00001
8.25000,0.49994,0.99999,0.00000,0.00000,0.00001
8.31250,0.49994,1.00000,0.00000,0.00000,0.00000
8.37500,0.49994,1.00000,0.00000,0.00000,0.00000
8.43750,0.49994,1.00000,0.00000,0.00000,0.00000
8.50000,0.49994,1.00000,0.00000,0.00000,0.00000
8.56250,0.49994,1.00000,0.00000,0.00000,0.00000
8.62500,0.49994,1.00000,0.00000,0.00000,0.00000
8.68750,0.49994,1.00000,0.00000,0.00000,0.00000
8.75000,0.49994,1.00000,0.00000,0.00000,0.00000
8.81250,0.49994,1.00000,0.00000,0.00000,0.00000
8.87500,0.49994,1.00000,0.00000,0.00000,0.00000
8.93750,0.49994,1.00000,0.00000,0.00000,0.00000
9.00000,0.49994,1.00000,0.00000,0.00000,0.00000
9.06250,0.49994,1.00000,0.00000,0.00000,0.00000
