Time (seconds), Duration (seconds),pred_unlabeled,pred_east,pred_north,pred_west
0.00000,0.49994,1.00000,0.00000,0.00000,0.00000
0.06250,0.49994,1.00000,0.00000,0.00000,0.00000
0.12500,0.49994,0.85365,0.01670,0.12965,0.00000
0.18750,0.49994,0.71984,0.14045,0.13971,0.00000
0.25000,0.49994,0.51395,0.29485,0.19120,0.00000
0.31250,0.49994,0.36948,0.53237,0.09815,0.00000
0.37500,0.49994,0.19683,0.58267,0.22050,0.00000
0.43750,0.49994,0.09986,0.83508,0.06506,0.00000
0.50000,0.49994,0.06568,0.92152,0.01280,0.00000
0.56250,0.49994,0.05979,0.92353,0.01668,0.00000
0.62500,0.49994,0.04907,0.93713,0.01380,0.00000
0.68750,0.49994,0.02937,0.96394,0.00669,0.00000
0.75000,0.49994,0.04001,0.94846,0.01153,0.00000
0.81250,0.49994,0.06031,0.91865,0.02103,0.00000
0.87500,0.49994,0.08451,0.90791,0.00759,0.00000
0.93750,0.49994,0.14482,0.84425,0.01093,0.00000
1.00000,0.49994,0.18729,0.78445,0.02826,0.00000
1.06250,0.49994,0.30132,0.65676,0.04192,0.00000
1.12500,0.49994,0.43871,0.34462,0.21667,0.00000
1.18750,0.49994,0.37434,0.09618,0.52948,0.00000
1.25000,0.49994,0.45168,0.09094,0.45738,0.00000
1.31250,0.49994,0.80808,0.07979,0.11213,0.00000
1.37500,0.49994,0.68509,0.07023,0.24468,0.00000
1.43750,0.49994,0.58793,0.11353,0.29854,0.00000
1.50000,0.49994,0.60453,0.18929,0.20619,0.00000
1.56250,0.49994,0.42785,0.43688,0.13528,0.00000
1.62500,0.49994,0.27752,0.66314,0.05934,0.00000
1.68750,0.49994,0.24217,0.73202,0.02580,0.00000
1.75000,0.49994,0.12088,0.85946,0.01966,0.00000
1.81250,0.49994,0.06378,0.87337,0.06285,0.00000
1.87500,0.49994,0.04569,0.91269,0.04162,0.00000
1.93750,0.49994,0.03180,0.95535,0.01285,0.00000
2.00000,0.49994,0.03410,0.95489,0.01101,0.00000
2.06250,0.49994,0.03324,0.95543,0.01134,0.00000
2.12500,0.49994,0.04250,0.95153,0.00597,0.00000
2.18750,0.49994,0.02898,0.96510,0.00592,0.00000
2.25000,0.49994,0.05536,0.93327,0.01137,0.00000
2.31250,0.49994,0.08776,0.89746,0.01478,0.00000
2.37500,0.49994,0.12403,0.82213,0.05384,0.00000
2.43750,0.49994,0.20157,0.60126,0.19718,0.00000
2.50000,0.49994,0.17601,0.56701,0.25698,0.00000
2.56250,0.49994,0.30552,0.60990,0.08458,0.00000
2.62500,0.49994,0.30428,0.48257,0.21316,0.00000
2.68750,0.49994,0.43010,0.46895,0.10096,0.00000
2.75000,0.49994,0.42045,0.53219,0.04736,0.00000
2.81250,0.49994,0.43548,0.49646,0.06806,0.00000
2.87500,0.49994,0.31604,0.66310,0.02086,0.00000
2.93750,0.49994,0.34090,0.63885,0.02025,0.00000
3.00000,0.49994,0.29113,0.70019,0.00869,0.00000
3.06250,0.49994,0.24887,0.73902,0.01211,0.00000
3.12500,0.49994,0.17077,0.82383,0.00541,0.00000
3.18750,0.49994,0.10406,0.89123,0.00471,0.00000
3.25000,0.49994,0.11559,0.88015,0.00427,0.00000
3.31250,0.49994,0.04046,0.95850,0.00103,0.00000
3.37500,0.49994,0.02556,0.97405,0.00039,0.00000
3.43750,0.49994,0.00791,0.99195,0.00014,0.00000
3.50000,0.49994,0.00857,0.99113,0.00030,0.00000
3.56250,0.49994,0.00829,0.99101,0.00070,0.00000
3.62500,0.49994,0.00892,0.99042,0.00066,0.00000
3.68750,0.49994,0.01118,0.98821,0.00060,0.00000
3.75000,0.49994,0.00964,0.98957,0.00078,0.00000
3.81250,0.49994,0.01293,0.98583,0.00124,0.00000
3.87500,0.49994,0.03317,0.95048,0.01635,0.00000
3.93750,0.49994,0.07392,0.84754,0.07854,0.00000
4.00000,0.49994,0.08879,0.80008,0.11113,0.00000
4.06250,0.49994,0.12379,0.69045,0.18576,0.00000
4.12500,0.49994,0.25114,0.67124,0.07762,0.00000
4.18750,0.49994,0.21393,0.66360,0.12247,0.00000
4.25000,0.49994,0.18299,0.75576,0.06125,0.00000
4.31250,0.49994,0.13604,0.86276,0.00120,0.00000
4.37500,0.49994,0.04809,0.95190,0.00001,0.00000
4.43750,0.49994,0.02195,0.97805,0.00000,0.00000
4.50000,0.49994,0.01274,0.98726,0.00000,0.00000
4.56250,0.49994,0.00808,0.99192,0.00000,0.00000
4.62500,0.49994,0.00379,0.99621,0.00000,0.00000
4.68750,0.49994,0.00260,0.99740,0.00000,0.00000
4.75000,0.49994,0.00321,0.99679,0.00000,0.00000
4.81250,0.49994,0.00505,0.99495,0.00000,0.00000
4.87500,0.49994,0.00594,0.99406,0.00000,0.00000
4.93750,0.49994,0.00671,0.99329,0.00000,0.00000
5.00000,0.49994,0.01147,0.98853,0.00000,0.00000
5.06250,0.49994,0.02511,0.97489,0.00000,0.00000
5.12500,0.49994,0.06148,0.93852,0.00000,0.00000
5.18750,0.49994,0.11498,0.88501,0.00001,0.00000
5.25000,0.49994,0.13340,0.86659,0.00000,0.00000
5.31250,0.49994,0.12696,0.87304,0.00000,0.00000
5.37500,0.49994,0.16544,0.83451,0.00005,0.00000
5.43750,0.49994,0.32120,0.67847,0.00034,0.00000
5.50000,0.49994,0.40907,0.59011,0.00082,0.00000
5.56250,0.49994,0.47064,0.52395,0.00542,0.00000
5.62500,0.49994,0.39887,0.58923,0.01190,0.00000
5.68750,0.49994,0.54495,0.44369,0.01137,0.00000
5.75000,0.49994,0.38395,0.59940,0.01664,0.00000
5.81250,0.49994,0.38617,0.60726,0.00658,0.00000
5.87500,0.49994,0.38322,0.61239,0.00439,0.00000
5.93750,0.49994,0.30876,0.68863,0.00261,0.00000
6.00000,0.49994,0.21131,0.78650,0.00219,0.00000
6.06250,0.49994,0.05897,0.94034,0.00070,0.00000
6.12500,0.49994,0.03655,0.96309,0.00037,0.00000
6.18750,0.49994,0.01488,0.98480,0.00031,0.00000
6.25000,0.49994,0.01503,0.98422,0.00074,0.00000
6.31250,0.49994,0.01630,0.98031,0.00339,0.00000
6.37500,0.49994,0.01424,0.98105,0.00471,0.00000
6.43750,0.49994,0.01282,0.97874,0.00844,0.00000
6.50000,0.49994,0.01652,0.98019,0.00328,0.00000
6.56250,0.49994,0.02979,0.96701,0.00320,0.00000
6.62500,0.49994,0.03997,0.95671,0.00332,0.00000
6.68750,0.49994,0.20488,0.78449,0.01063,0.00000
6.75000,0.49994,0.55608,0.41447,0.02944,0.00000
6.81250,0.49994,0.76655,0.19628,0.03717,0.00000
6.87500,0.49994,0.93772,0.05020,0.01208,0.00000
6.93750,0.49994,0.97341,0.01879,0.00781,0.00000
7.00000,0.49994,0.98474,0.01177,0.00349,0.00000
7.06250,0.49994,0.99473,0.00466,0.00061,0.00000
7.12500,0.49994,0.99588,0.00388,0.00025,0.00000
7.18750,0.49994,0.98802,0.01185,0.00014,0.00000
7.25000,0.49994,0.99460,0.00534,0.00006,0.00000
7.31250,0.49994,0.99612,0.00385,0.00003,0.00000
7.37500,0.49994,0.99681,0.00313,0.00006,0.00000
7.43750,0.49994,0.99970,0.00028,0.00002,0.00000
7.50000,0.49994,0.99993,0.00005,0.00001,0.00000
7.56250,0.49994,1.00000,0.00000,0.00000,0.00000
7.62500,0.49994,1.00000,0.00000,0.00000,0.00000
7.68750,0.49994,1.00000,0.00000,0.00000,0.00000
7.75000,0.49994,1.00000,0.00000,0.00000,0.00000
7.81250,0.49994,1.00000,0.00000,0.00000,0.00000
7.87500,0.49994,1.00000,0.00000,0.00000,0.00000
7.93750,0.49994,1.00000,0.00000,0.00000,0.00000
8.00000,0.49994,1.00000,0.00000,0.00000,0.00000
8.06250,0.49994,1.00000,0.00000,0.00000,0.00000
8.12500,0.49994,1.00000,0.00000,0.00000,0.00000
8.18750,0.49994,1.00000,0.00000,0.00000,0.00000
8.25000,0.49994,1.00000,0.00000,0.00000,0.00000
8.31250,0.49994,1.00000,0.00000,0.00000,0.00000
8.37500,0.49994,1.00000,0.00000,0.00000,0.00000
8.43750,0.49994,1.00000,0.00000,0.00000,0.00000
8.50000,0.49994,1.00000,0.00000,0.00000,0.00000
8.56250,0.49994,1.00000,0.00000,0.00000,0.00000
8.62500,0.49994,1.00000,0.00000,0.00000,0.00000
8.68750,0.49994,1.00000,0.00000,0.00000,0.00000
8.75000,0.49994,1.00000,0.00000,0.00000,0.00000
8.81250,0.49994,1.00000,0.00000,0.00000,0.00000
8.87500,0.49994,1.00000,0.00000,0.00000,0.00000
8.93750,0.49994,1.00000,0.00000,0.00000,0.00000
9.00000,0.49994,1.00000,0.00000,0.00000,0.00000
9.06250,0.49994,1.00000,0.00000,0.00000,0.00000
9.12500,0.49994,1.00000,0.00000,0.00000,0.00000
