Time (seconds), Duration (seconds),pred_unlabeled,pred_east,pred_north,pred_west
0.00000,0.49994,1.00000,0.00000,0.00000,0.00000
0.06250,0.49994,1.00000,0.00000,0.00000,0.00000
0.12500,0.49994,1.00000,0.00000,0.00000,0.00000
0.18750,0.49994,1.00000,0.00000,0.00000,0.00000
0.25000,0.49994,1.00000,0.00000,0.00000,0.00000
0.31250,0.49994,1.00000,0.00000,0.00000,0.00000
0.37500,0.49994,1.00000,0.00000,0.00000,0.00000
0.43750,0.49994,1.00000,0.00000,0.00000,0.00000
0.50000,0.49994,1.00000,0.00000,0.00000,0.00000
0.56250,0.49994,1.00000,0.00000,0.00000,0.00000
0.62500,0.49994,1.00000,0.00000,0.00000,0.00000
0.68750,0.49994,1.00000,0.00000,0.00000,0.00000
0.75000,0.49994,1.00000,0.00000,0.00000,0.00000
0.81250,0.49994,1.00000,0.00000,0.00000,0.00000
0.87500,0.49994,1.00000,0.00000,0.00000,0.00000
0.93750,0.49994,1.00000,0.00000,0.00000,0.00000
1.00000,0.49994,1.00000,0.00000,0.00000,0.00000
1.06250,0.49994,1.00000,0.00000,0.00000,0.00000
1.12500,0.49994,1.00000,0.00000,0.00000,0.00000
1.18750,0.49994,1.00000,0.00000,0.00000,0.00000
1.25000,0.49994,1.00000,0.00000,0.00000,0.00000
1.31250,0.49994,1.00000,0.00000,0.00000,0.00000
1.37500,0.49994,1.00000,0.00000,0.00000,0.00000
1.43750,0.49994,0.99998,0.00000,0.00000,0.00002
1.50000,0.49994,0.98743,0.00000,0.00000,0.01257
1.56250,0.49994,0.65180,0.00000,0.00000,0.34820
1.62500,0.49994,0.27998,0.00000,0.00000,0.72001
1.68750,0.49994,0.11975,0.00000,0.00000,0.88025
1.75000,0.49994,0.02587,0.00000,0.00000,0.97413
1.81250,0.49994,0.02469,0.00000,0.00002,0.97529
1.87500,0.49994,0.01673,0.00000,0.00005,0.98322
1.93750,0.49994,0.00770,0.00000,0.00007,0.99223
2.00000,0.49994,0.00457,0.00000,0.00013,0.99531
2.06250,0.49994,0.00502,0.00000,0.00014,0.99484
2.12500,0.49994,0.00749,0.00000,0.00010,0.99242
2.18750,0.49994,0.00601,0.00000,0.00011,0.99388
2.25000,0.49994,0.00637,0.00000,0.00007,0.99356
2.31250,0.49994,0.00215,0.00000,0.00009,0.99776
2.37500,0.49994,0.00335,0.00000,0.00010,0.99655
2.43750,0.49994,0.00207,0.00000,0.00007,0.99786
2.50000,0.49994,0.00128,0.00000,0.00002,0.99870
2.56250,0.49994,0.00058,0.00000,0.00001,0.99941
2.62500,0.49994,0.00045,0.00000,0.00000,0.99954
2.68750,0.49994,0.00051,0.00000,0.00000,0.99949
2.75000,0.49994,0.00059,0.00000,0.00000,0.99941
2.81250,0.49994,0.00078,0.00000,0.00000,0.99922
2.87500,0.49994,0.00076,0.00000,0.00000,0.99923
2.93750,0.49994,0.00118,0.00000,0.00001,0.99882
3.00000,0.49994,0.00183,0.00000,0.00002,0.99815
3.06250,0.49994,0.00251,0.00000,0.00004,0.99746
3.12500,0.49994,0.00123,0.00000,0.00005,0.99872
3.18750,0.49994,0.00061,0.00000,0.00001,0.99938
3.25000,0.49994,0.00012,0.00000,0.00001,0.99987
3.31250,0.49994,0.00004,0.00000,0.00000,0.99996
3.37500,0.49994,0.00002,0.00000,0.00000,0.99998
3.43750,0.49994,0.00001,0.00000,0.00000,0.99999
3.50000,0.49994,0.00001,0.00000,0.00000,0.99999
3.56250,0.49994,0.00000,0.00000,0.00000,1.00000
3.62500,0.49994,0.00001,0.00000,0.00000,0.99999
3.68750,0.49994,0.00001,0.00000,0.00000,0.99999
3.75000,0.49994,0.00002,0.00000,0.00000,0.99997
3.81250,0.49994,0.00009,0.00000,0.00001,0.99991
3.87500,0.49994,0.00007,0.00000,0.00001,0.99993
3.93750,0.49994,0.00006,0.00000,0.00001,0.99993
4.00000,0.49994,0.00004,0.00000,0.00002,0.99994
4.06250,0.49994,0.00007,0.00000,0.00001,0.99992
4.12500,0.49994,0.00006,0.00000,0.00001,0.99993
4.18750,0.49994,0.00009,0.00000,0.00001,0.99990
4.25000,0.49994,0.00009,0.00000,0.00000,0.99991
4.31250,0.49994,0.00013,0.00000,0.00000,0.99986
4.37500,0.49994,0.00017,0.00000,0.00000,0.99983
4.43750,0.49994,0.00033,0.00000,0.00000,0.99967
4.50000,0.49994,0.00040,0.00000,0.00000,0.99960
4.56250,0.49994,0.00061,0.00000,0.00000,0.99938
4.62500,0.49994,0.00053,0.00000,0.00000,0.99947
4.68750,0.49994,0.00023,0.00000,0.00000,0.99977
4.75000,0.49994,0.00019,0.00000,0.00000,0.99981
4.81250,0.49994,0.00014,0.00000,0.00000,0.99986
4.87500,0.49994,0.00016,0.00000,0.00000,0.99984
4.93750,0.49994,0.00007,0.00000,0.00000,0.99993
5.00000,0.49994,0.00004,0.00000,0.00000,0.99996
5.06250,0.49994,0.00003,0.00000,0.00000,0.99997
5.12500,0.49994,0.00002,0.00000,0.00000,0.99998
5.18750,0.49994,0.00004,0.00000,0.00001,0.99995
5.25000,0.49994,0.00004,0.00000,0.00001,0.99996
5.31250,0.49994,0.00002,0.00000,0.00001,0.99997
5.37500,0.49994,0.00003,0.00000,0.00001,0.99996
5.43750,0.49994,0.00007,0.00000,0.00001,0.99992
5.50000,0.49994,0.00015,0.00000,0.00001,0.99984
5.56250,0.49994,0.00018,0.00000,0.00001,0.99981
5.62500,0.49994,0.00033,0.00000,0.00001,0.99967
5.68750,0.49994,0.00046,0.00000,0.00000,0.99954
5.75000,0.49994,0.00087,0.00000,0.00000,0.99913
5.81250,0.49994,0.00188,0.00000,0.00000,0.99812
5.87500,0.49994,0.00165,0.00000,0.00000,0.99835
5.93750,0.49994,0.00158,0.00000,0.00000,0.99842
6.00000,0.49994,0.00105,0.00000,0.00000,0.99895
6.06250,0.49994,0.00107,0.00000,0.00000,0.99893
6.12500,0.49994,0.00219,0.00000,0.00000,0.99781
6.18750,0.49994,0.00139,0.00000,0.00000,0.99861
6.25000,0.49994,0.00066,0.00000,0.00000,0.99934
6.31250,0.49994,0.00026,0.00000,0.00000,0.99974
6.37500,0.49994,0.00008,0.00000,0.00000,0.99992
6.43750,0.49994,0.00005,0.00000,0.00000,0.99995
6.50000,0.49994,0.00004,0.00000,0.00000,0.99996
6.56250,0.49994,0.00002,0.00000,0.00000,0.99998
6.62500,0.49994,0.00000,0.00000,0.00000,1.00000
6.68750,0.49994,0.00000,0.00000,0.00000,1.00000
6.75000,0.49994,0.00000,0.00000,0.00000,1.00000
6.81250,0.49994,0.00000,0.00000,0.00000,1.00000
6.87500,0.49994,0.00000,0.00000,0.00000,1.00000
6.93750,0.49994,0.00000,0.00000,0.00000,1.00000
7.00000,0.49994,0.00000,0.00000,0.00000,0.99999
7.06250,0.49994,0.00001,0.00000,0.00000,0.99999
7.12500,0.49994,0.00001,0.00000,0.00000,0.99999
7.18750,0.49994,0.00002,0.00000,0.00000,0.99998
7.25000,0.49994,0.00002,0.00000,0.00000,0.99998
7.31250,0.49994,0.00002,0.00000,0.00000,0.99998
7.37500,0.49994,0.00002,0.00000,0.00000,0.99998
7.43750,0.49994,0.00002,0.00000,0.00000,0.99998
7.50000,0.49994,0.00001,0.00000,0.00000,0.99999
7.56250,0.49994,0.00001,0.00000,0.00000,0.99999
7.62500,0.49994,0.00001,0.00000,0.00000,0.99999
7.68750,0.49994,0.00001,0.00000,0.00000,0.99999
7.75000,0.49994,0.00001,0.00000,0.00000,0.99999
7.81250,0.49994,0.00001,0.00000,0.00000,0.99999
7.87500,0.49994,0.00002,0.00000,0.00000,0.99998
7.93750,0.49994,0.00003,0.00000,0.00000,0.99997
8.00000,0.49994,0.00009,0.00000,0.00000,0.99991
8.06250,0.49994,0.00013,0.00000,0.00000,0.99987
8.12500,0.49994,0.00027,0.00000,0.00000,0.99973
8.18750,0.49994,0.00055,0.00000,0.00000,0.99945
8.25000,0.49994,0.00180,0.00000,0.00000,0.99820
8.31250,0.49994,0.00277,0.00000,0.00000,0.99723
8.37500,0.49994,0.00669,0.00000,0.00000,0.99331
8.43750,0.49994,0.00888,0.00000,0.00000,0.99112
8.50000,0.49994,0.00855,0.00000,0.00000,0.99144
8.56250,0.49994,0.01373,0.00000,0.00000,0.98627
8.62500,0.49994,0.02262,0.00000,0.00000,0.97738
8.68750,0.49994,0.02881,0.00000,0.00000,0.97119
8.75000,0.49994,0.03169,0.00000,0.00000,0.96830
8.81250,0.49994,0.02703,0.00000,0.00000,0.97297
8.87500,0.49994,0.02106,0.00000,0.00000,0.97893
8.93750,0.49994,0.03069,0.00000,0.00000,0.96931
9.00000,0.49994,0.04234,0.00000,0.00000,0.95766
9.06250,0.49994,0.04425,0.00000,0.00000,0.95575
9.12500,0.49994,0.03191,0.00000,0.00000,0.96809
9.18750,0.49994,0.03937,0.00000,0.00000,0.96063
9.25000,0.49994,0.03282,0.00000,0.00000,0.96718
9.31250,0.49994,0.06722,0.00000,0.00000,0.93278
9.37500,0.49994,0.07652,0.00000,0.00000,0.92348
9.43750,0.49994,0.12386,0.00000,0.00000,0.87614
9.50000,0.49994,0.14760,0.00000,0.00000,0.85240
9.56250,0.49994,0.24234,0.00000,0.00000,0.75766
9.62500,0.49994,0.31161,0.00000,0.00000,0.68839
9.68750,0.49994,0.48102,0.00000,0.00000,0.51898
9.75000,0.49994,0.71739,0.00000,0.00000,0.28261
9.81250,0.49994,0.87982,0.00000,0.00000,0.12018
9.87500,0.49994,0.97829,0.00000,0.00000,0.02171
9.93750,0.49994,0.99580,0.00000,0.00000,0.00420
10.00000,0.49994,0.99998,0.00000,0.00000,0.00002
10.06250,0.49994,1.00000,0.00000,0.00000,0.00000
10.12500,0.49994,1.00000,0.00000,0.00000,0.00000
10.18750,0.49994,1.00000,0.00000,0.00000,0.00000
10.25000,0.49994,1.00000,0.00000,0.00000,0.00000
10.31250,0.49994,1.00000,0.00000,0.00000,0.00000
10.37500,0.49994,1.00000,0.00000,0.00000,0.00000
10.43750,0.49994,1.00000,0.00000,0.00000,0.00000
10.50000,0.49994,1.00000,0.00000,0.00000,0.00000
10.56250,0.49994,1.00000,0.00000,0.00000,0.00000
10.62500,0.49994,1.00000,0.00000,0.00000,0.00000
10.68750,0.49994,1.00000,0.00000,0.00000,0.00000
10.75000,0.49994,1.00000,0.00000,0.00000,0.00000
10.81250,0.49994,1.00000,0.00000,0.00000,0.00000
10.87500,0.49994,1.00000,0.00000,0.00000,0.00000
10.93750,0.49994,1.00000,0.00000,0.00000,0.00000
11.00000,0.49994,1.00000,0.00000,0.00000,0.00000
11.06250,0.49994,1.00000,0.00000,0.00000,0.00000
11.12500,0.49994,1.00000,0.00000,0.00000,0.00000
11.18750,0.49994,1.00000,0.00000,0.00000,0.00000
11.25000,0.49994,1.00000,0.00000,0.00000,0.00000
11.31250,0.49994,1.00000,0.00000,0.00000,0.00000
11.37500,0.49994,1.00000,0.00000,0.00000,0.00000
11.43750,0.49994,1.00000,0.00000,0.00000,0.00000
11.50000,0.49994,1.00000,0.00000,0.00000,0.00000
11.56250,0.49994,1.00000,0.00000,0.00000,0.00000
11.62500,0.49994,1.00000,0.00000,0.00000,0.00000
11.68750,0.49994,1.00000,0.00000,0.00000,0.00000
11.75000,0.49994,1.00000,0.00000,0.00000,0.00000
11.81250,0.49994,1.00000,0.00000,0.00000,0.00000
11.87500,0.49994,1.00000,0.00000,0.00000,0.00000
11.93750,0.49994,1.00000,0.00000,0.00000,0.00000
12.00000,0.49994,1.00000,0.00000,0.00000,0.00000
12.06250,0.49994,1.00000,0.00000,0.00000,0.00000
12.12500,0.49994,1.00000,0.00000,0.00000,0.00000
12.18750,0.49994,1.00000,0.00000,0.00000,0.00000
12.25000,0.49994,1.00000,0.00000,0.00000,0.00000
12.31250,0.49994,1.00000,0.00000,0.00000,0.00000
12.37500,0.49994,1.00000,0.00000,0.00000,0.00000
12.43750,0.49994,1.00000,0.00000,0.00000,0.00000
12.50000,0.49994,1.00000,0.00000,0.00000,0.00000
12.56250,0.49994,1.00000,0.00000,0.00000,0.00000
12.62500,0.49994,1.00000,0.00000,0.00000,0.00000
12.68750,0.49994,1.00000,0.00000,0.00000,0.00000
12.75000,0.49994,1.00000,0.00000,0.00000,0.00000
