Time (seconds), Duration (seconds),pred_unlabeled,pred_east,pred_north,pred_west
0.00000,0.49994,1.00000,0.00000,0.00000,0.00000
0.06250,0.49994,0.99933,0.00000,0.00001,0.00066
0.12500,0.49994,0.02241,0.00587,0.00096,0.97076
0.18750,0.49994,0.02147,0.01013,0.00103,0.96738
0.25000,0.49994,0.03134,0.01175,0.00164,0.95526
0.31250,0.49994,0.01351,0.00674,0.00155,0.97820
0.37500,0.49994,0.02125,0.00102,0.00067,0.97705
0.43750,0.49994,0.03135,0.00056,0.00062,0.96747
0.50000,0.49994,0.02664,0.00030,0.00052,0.97254
0.56250,0.49994,0.03900,0.00010,0.00042,0.96048
0.62500,0.49994,0.03539,0.00004,0.00037,0.96420
0.68750,0.49994,0.04413,0.00001,0.00020,0.95566
0.75000,0.49994,0.04182,0.00000,0.00007,0.95811
0.81250,0.49994,0.06421,0.00000,0.00005,0.93573
0.87500,0.49994,0.05968,0.00000,0.00004,0.94027
0.93750,0.49994,0.05737,0.00000,0.00003,0.94260
1.00000,0.49994,0.13242,0.00000,0.00007,0.86751
1.06250,0.49994,0.23047,0.00001,0.00013,0.76939
1.12500,0.49994,0.29874,0.00002,0.00019,0.70105
1.18750,0.49994,0.32533,0.00011,0.00047,0.67409
1.25000,0.49994,0.27881,0.00069,0.00102,0.71949
1.31250,0.49994,0.33978,0.00094,0.00169,0.65759
1.37500,0.49994,0.25686,0.00523,0.00392,0.73398
1.43750,0.49994,0.18145,0.01356,0.00606,0.79892
1.50000,0.49994,0.11717,0.00564,0.00354,0.87365
1.56250,0.49994,0.07876,0.00292,0.00213,0.91619
1.62500,0.49994,0.05196,0.00158,0.00200,0.94447
1.68750,0.49994,0.03613,0.00027,0.00094,0.96266
1.75000,0.49994,0.02601,0.00004,0.00049,0.97347
1.81250,0.49994,0.01075,0.00002,0.00028,0.98895
1.87500,0.49994,0.00976,0.00001,0.00027,0.98996
1.93750,0.49994,0.00885,0.00000,0.00017,0.99098
2.00000,0.49994,0.00480,0.00000,0.00013,0.99507
2.06250,0.49994,0.00331,0.00000,0.00013,0.99655
2.12500,0.49994,0.00362,0.00000,0.00012,0.99626
2.18750,0.49994,0.00195,0.00000,0.00007,0.99798
2.25000,0.49994,0.00197,0.00000,0.00008,0.99795
2.31250,0.49994,0.00247,0.00000,0.00009,0.99744
2.37500,0.49994,0.00657,0.00000,0.00010,0.99333
2.43750,0.49994,0.00772,0.00000,0.00010,0.99218
2.50000,0.49994,0.00791,0.00000,0.00010,0.99199
2.56250,0.49994,0.01096,0.00000,0.00012,0.98891
2.62500,0.49994,0.00989,0.00001,0.00021,0.98989
2.68750,0.49994,0.01807,0.00030,0.00073,0.98090
2.75000,0.49994,0.02329,0.00329,0.00170,0.97172
2.81250,0.49994,0.08307,0.02573,0.00567,0.88552
2.87500,0.49994,0.04726,0.06812,0.00708,0.87754
2.93750,0.49994,0.09093,0.07699,0.00906,0.82302
3.00000,0.49994,0.12672,0.06767,0.01045,0.79516
3.06250,0.49994,0.09598,0.02307,0.00899,0.87196
3.12500,0.49994,0.06712,0.00506,0.00766,0.92016
3.18750,0.49994,0.05672,0.00142,0.00507,0.93678
3.25000,0.49994,0.04945,0.00009,0.00177,0.94869
3.31250,0.49994,0.01559,0.00001,0.00039,0.98401
3.37500,0.49994,0.01190,0.00000,0.00017,0.98793
3.43750,0.49994,0.00365,0.00000,0.00006,0.99629
3.50000,0.49994,0.00242,0.00000,0.00005,0.99752
3.56250,0.49994,0.00278,0.00000,0.00003,0.99719
3.62500,0.49994,0.00220,0.00000,0.00001,0.99779
3.68750,0.49994,0.00195,0.00000,0.00001,0.99804
3.75000,0.49994,0.00255,0.00000,0.00001,0.99744
3.81250,0.49994,0.00164,0.00000,0.00001,0.99835
3.87500,0.49994,0.00309,0.00000,0.00003,0.99688
3.93750,0.49994,0.00708,0.00000,0.00012,0.99280
4.00000,0.49994,0.00707,0.00000,0.00011,0.99281
4.06250,0.49994,0.00533,0.00000,0.00023,0.99444
4.12500,0.49994,0.00573,0.00004,0.00040,0.99382
4.18750,0.49994,0.00429,0.00029,0.00063,0.99479
4.25000,0.49994,0.00195,0.00196,0.00090,0.99519
4.31250,0.49994,0.00214,0.00464,0.00123,0.99200
4.37500,0.49994,0.00253,0.00403,0.00099,0.99245
4.43750,0.49994,0.00113,0.00197,0.00051,0.99640
4.50000,0.49994,0.00080,0.00048,0.00035,0.99837
4.56250,0.49994,0.00050,0.00002,0.00018,0.99930
4.62500,0.49994,0.00034,0.00000,0.00007,0.99958
4.68750,0.49994,0.00021,0.00000,0.00002,0.99977
4.75000,0.49994,0.00026,0.00000,0.00001,0.99973
4.81250,0.49994,0.00028,0.00000,0.00000,0.99972
4.87500,0.49994,0.00013,0.00000,0.00000,0.99987
4.93750,0.49994,0.00012,0.00000,0.00000,0.99988
5.00000,0.49994,0.00019,0.00000,0.00000,0.99981
5.06250,0.49994,0.00027,0.00000,0.00000,0.99973
5.12500,0.49994,0.00036,0.00000,0.00000,0.99964
5.18750,0.49994,0.00062,0.00000,0.00000,0.99938
5.25000,0.49994,0.00083,0.00000,0.00000,0.99917
5.31250,0.49994,0.00116,0.00000,0.00000,0.99883
5.37500,0.49994,0.00159,0.00000,0.00000,0.99840
5.43750,0.49994,0.00194,0.00000,0.00001,0.99805
5.50000,0.49994,0.00158,0.00000,0.00001,0.99841
5.56250,0.49994,0.00120,0.00000,0.00001,0.99879
5.62500,0.49994,0.00173,0.00000,0.00002,0.99825
5.68750,0.49994,0.00268,0.00000,0.00002,0.99730
5.75000,0.49994,0.00287,0.00000,0.00004,0.99708
5.81250,0.49994,0.00306,0.00001,0.00008,0.99685
5.87500,0.49994,0.00328,0.00001,0.00007,0.99664
5.93750,0.49994,0.00329,0.00001,0.00009,0.99661
6.00000,0.49994,0.00653,0.00001,0.00013,0.99333
6.06250,0.49994,0.01766,0.00002,0.00017,0.98214
6.12500,0.49994,0.03950,0.00004,0.00039,0.96006
6.18750,0.49994,0.05176,0.00004,0.00086,0.94734
6.25000,0.49994,0.06171,0.00003,0.00089,0.93736
6.31250,0.49994,0.05872,0.00001,0.00062,0.94064
6.37500,0.49994,0.05305,0.00002,0.00094,0.94599
6.43750,0.49994,0.05625,0.00001,0.00136,0.94238
6.50000,0.49994,0.03937,0.00001,0.00142,0.95919
6.56250,0.49994,0.02881,0.00001,0.00136,0.96982
6.62500,0.49994,0.01856,0.00000,0.00053,0.98091
6.68750,0.49994,0.01044,0.00000,0.00046,0.98910
6.75000,0.49994,0.01188,0.00000,0.00025,0.98787
6.81250,0.49994,0.01367,0.00000,0.00025,0.98608
6.87500,0.49994,0.01854,0.00000,0.00034,0.98112
6.93750,0.49994,0.04490,0.00000,0.00040,0.95471
7.00000,0.49994,0.07487,0.00000,0.00045,0.92468
7.06250,0.49994,0.11787,0.00001,0.00050,0.88162
7.12500,0.49994,0.17810,0.00002,0.00085,0.82103
7.18750,0.49994,0.25257,0.00006,0.00085,0.74652
7.25000,0.49994,0.36584,0.00016,0.00128,0.63272
7.31250,0.49994,0.46144,0.00023,0.00139,0.53694
7.37500,0.49994,0.49809,0.00022,0.00100,0.50068
7.43750,0.49994,0.36185,0.00024,0.00083,0.63708
7.50000,0.49994,0.37558,0.00019,0.00056,0.62367
7.56250,0.49994,0.52350,0.00010,0.00026,0.47614
7.62500,0.49994,0.70101,0.00006,0.00021,0.29872
7.68750,0.49994,0.82547,0.00002,0.00011,0.17440
7.75000,0.49994,0.87598,0.00001,0.00008,0.12393
7.81250,0.49994,0.93519,0.00000,0.00004,0.06477
7.87500,0.49994,0.98922,0.00000,0.00001,0.01078
