Time (seconds), Duration (seconds),pred_unlabeled,pred_east,pred_north,pred_west
0.00000,0.49994,1.00000,0.00000,0.00000,0.00000
0.06250,0.49994,1.00000,0.00000,0.00000,0.00000
0.12500,0.49994,0.91007,0.00000,0.00000,0.08993
0.18750,0.49994,0.89158,0.00000,0.00000,0.10842
0.25000,0.49994,0.94073,0.00000,0.00000,0.05927
0.31250,0.49994,0.94301,0.00000,0.00000,0.05699
0.37500,0.49994,0.99729,0.00000,0.00000,0.00271
0.43750,0.49994,0.99980,0.00000,0.00000,0.00020
0.50000,0.49994,0.99997,0.00000,0.00000,0.00003
0.56250,0.49994,1.00000,0.00000,0.00000,0.00000
0.62500,0.49994,1.00000,0.00000,0.00000,0.00000
0.68750,0.49994,1.00000,0.00000,0.00000,0.00000
0.75000,0.49994,1.00000,0.00000,0.00000,0.00000
0.81250,0.49994,1.00000,0.00000,0.00000,0.00000
0.87500,0.49994,1.00000,0.00000,0.00000,0.00000
0.93750,0.49994,1.00000,0.00000,0.00000,0.00000
1.00000,0.49994,1.00000,0.00000,0.00000,0.00000
1.06250,0.49994,1.00000,0.00000,0.00000,0.00000
1.12500,0.49994,1.00000,0.00000,0.00000,0.00000
1.18750,0.49994,1.00000,0.00000,0.00000,0.00000
1.25000,0.49994,1.00000,0.00000,0.00000,0.00000
1.31250,0.49994,1.00000,0.00000,0.00000,0.00000
1.37500,0.49994,0.99998,0.00000,0.00001,0.00001
1.43750,0.49994,0.99851,0.00137,0.00011,0.00001
1.50000,0.49994,0.72055,0.27767,0.00178,0.00000
1.56250,0.49994,0.05303,0.94612,0.00085,0.00000
1.62500,0.49994,0.08009,0.91950,0.00041,0.00000
1.68750,0.49994,0.02921,0.97064,0.00015,0.00000
1.75000,0.49994,0.01473,0.98516,0.00011,0.00000
1.81250,0.49994,0.01146,0.98844,0.00009,0.00000
1.87500,0.49994,0.01011,0.98979,0.00010,0.00000
1.93750,0.49994,0.01066,0.98921,0.00014,0.00000
2.00000,0.49994,0.01667,0.98325,0.00008,0.00000
2.06250,0.49994,0.01445,0.98544,0.00011,0.00000
2.12500,0.49994,0.01518,0.98465,0.00017,0.00000
2.18750,0.49994,0.01266,0.98709,0.00025,0.00000
2.25000,0.49994,0.01251,0.98730,0.00018,0.00000
2.31250,0.49994,0.01993,0.98000,0.00006,0.00000
2.37500,0.49994,0.01672,0.98323,0.00005,0.00000
2.43750,0.49994,0.01539,0.98459,0.00002,0.00000
2.50000,0.49994,0.00900,0.99098,0.00002,0.00000
2.56250,0.49994,0.00767,0.99232,0.00001,0.00000
2.62500,0.49994,0.00519,0.99479,0.00001,0.00000
2.68750,0.49994,0.00392,0.99607,0.00001,0.00000
2.75000,0.49994,0.00341,0.99659,0.00000,0.00000
2.81250,0.49994,0.00253,0.99746,0.00000,0.00000
2.87500,0.49994,0.00242,0.99758,0.00000,0.00000
2.93750,0.49994,0.00250,0.99750,0.00000,0.00000
3.00000,0.49994,0.00297,0.99702,0.00000,0.00000
3.06250,0.49994,0.00303,0.99696,0.00000,0.00000
3.12500,0.49994,0.00365,0.99635,0.00000,0.00000
3.18750,0.49994,0.00522,0.99478,0.00000,0.00000
3.25000,0.49994,0.00619,0.99381,0.00000,0.00000
3.31250,0.49994,0.00582,0.99418,0.00001,0.00000
3.37500,0.49994,0.00680,0.99319,0.00001,0.00000
3.43750,0.49994,0.00619,0.99380,0.00002,0.00000
3.50000,0.49994,0.00812,0.99185,0.00002,0.00000
3.56250,0.49994,0.00824,0.99167,0.00009,0.00000
3.62500,0.49994,0.00870,0.99117,0.00014,0.00000
3.68750,0.49994,0.01289,0.98707,0.00005,0.00000
3.75000,0.49994,0.01908,0.98091,0.00001,0.00000
3.81250,0.49994,0.02014,0.97985,0.00001,0.00000
3.87500,0.49994,0.01906,0.98093,0.00001,0.00000
3.93750,0.49994,0.01792,0.98208,0.00001,0.00000
4.00000,0.49994,0.01330,0.98670,0.00000,0.00000
4.06250,0.49994,0.01057,0.98943,0.00000,0.00000
4.12500,0.49994,0.00880,0.99120,0.00000,0.00000
4.18750,0.49994,0.00478,0.99522,0.00000,0.00000
4.25000,0.49994,0.00243,0.99757,0.00000,0.00000
4.31250,0.49994,0.00210,0.99790,0.00000,0.00000
4.37500,0.49994,0.00156,0.99844,0.00000,0.00000
4.43750,0.49994,0.00132,0.99868,0.00000,0.00000
4.50000,0.49994,0.00123,0.99877,0.00000,0.00000
4.56250,0.49994,0.00164,0.99836,0.00000,0.00000
4.62500,0.49994,0.00135,0.99865,0.00000,0.00000
4.68750,0.49994,0.00138,0.99861,0.00000,0.00000
4.75000,0.49994,0.00155,0.99845,0.00000,0.00000
4.81250,0.49994,0.00143,0.99857,0.00000,0.00000
4.87500,0.49994,0.00211,0.99789,0.00000,0.00000
4.93750,0.49994,0.00260,0.99739,0.00000,0.00000
5.00000,0.49994,0.00347,0.99653,0.00000,0.00000
5.06250,0.49994,0.00346,0.99654,0.00000,0.00000
5.12500,0.49994,0.00518,0.99482,0.00000,0.00000
5.18750,0.49994,0.00591,0.99409,0.00000,0.00000
5.25000,0.49994,0.00568,0.99432,0.00000,0.00000
5.31250,0.49994,0.00581,0.99419,0.00000,0.00000
5.37500,0.49994,0.00519,0.99481,0.00000,0.00000
5.43750,0.49994,0.00434,0.99566,0.00000,0.00000
5.50000,0.49994,0.00439,0.99561,0.00000,0.00000
5.56250,0.49994,0.00445,0.99555,0.00000,0.00000
5.62500,0.49994,0.00291,0.99709,0.00000,0.00000
5.68750,0.49994,0.00247,0.99753,0.00000,0.00000
5.75000,0.49994,0.00252,0.99748,0.00000,0.00000
5.81250,0.49994,0.00182,0.99818,0.00000,0.00000
5.87500,0.49994,0.00117,0.99883,0.00000,0.00000
5.93750,0.49994,0.00140,0.99860,0.00000,0.00000
6.00000,0.49994,0.00113,0.99887,0.00000,0.00000
6.06250,0.49994,0.00098,0.99902,0.00000,0.00000
6.12500,0.49994,0.00072,0.99928,0.00000,0.00000
6.18750,0.49994,0.00058,0.99942,0.00000,0.00000
6.25000,0.49994,0.00054,0.99946,0.00000,0.00000
6.31250,0.49994,0.00071,0.99928,0.00000,0.00000
6.37500,0.49994,0.00099,0.99900,0.00000,0.00000
6.43750,0.49994,0.00092,0.99907,0.00001,0.00000
6.50000,0.49994,0.00116,0.99883,0.00001,0.00000
6.56250,0.49994,0.00167,0.99832,0.00001,0.00000
6.62500,0.49994,0.00190,0.99809,0.00001,0.00000
6.68750,0.49994,0.00254,0.99746,0.00000,0.00000
6.75000,0.49994,0.00183,0.99817,0.00000,0.00000
6.81250,0.49994,0.00132,0.99868,0.00000,0.00000
6.87500,0.49994,0.00110,0.99889,0.00000,0.00000
6.93750,0.49994,0.00105,0.99895,0.00000,0.00000
7.00000,0.49994,0.00108,0.99892,0.00000,0.00000
7.06250,0.49994,0.00092,0.99908,0.00000,0.00000
7.12500,0.49994,0.00108,0.99892,0.00000,0.00000
7.18750,0.49994,0.00102,0.99898,0.00000,0.00000
7.25000,0.49994,0.00137,0.99863,0.00000,0.00000
7.31250,0.49994,0.00191,0.99809,0.00000,0.00000
7.37500,0.49994,0.00203,0.99797,0.00000,0.00000
7.43750,0.49994,0.00205,0.99795,0.00000,0.00000
7.50000,0.49994,0.00180,0.99820,0.00000,0.00000
7.56250,0.49994,0.00175,0.99824,0.00000,0.00000
7.62500,0.49994,0.00255,0.99744,0.00000,0.00000
7.68750,0.49994,0.00270,0.99730,0.00000,0.00000
7.75000,0.49994,0.00302,0.99697,0.00000,0.00000
7.81250,0.49994,0.00347,0.99652,0.00000,0.00000
7.87500,0.49994,0.00355,0.99644,0.00001,0.00000
7.93750,0.49994,0.00236,0.99763,0.00001,0.00000
8.00000,0.49994,0.00278,0.99719,0.00003,0.00000
8.06250,0.49994,0.00267,0.99728,0.00005,0.00000
8.12500,0.49994,0.00147,0.99848,0.00005,0.00000
8.18750,0.49994,0.00144,0.99851,0.00005,0.00000
8.25000,0.49994,0.00114,0.99881,0.00004,0.00000
8.31250,0.49994,0.00084,0.99910,0.00006,0.00000
8.37500,0.49994,0.00071,0.99925,0.00003,0.00000
8.43750,0.49994,0.00104,0.99893,0.00003,0.00000
8.50000,0.49994,0.00066,0.99932,0.00002,0.00000
8.56250,0.49994,0.00051,0.99946,0.00002,0.00000
8.62500,0.49994,0.00052,0.99946,0.00002,0.00000
8.68750,0.49994,0.00051,0.99945,0.00002,0.00002
8.75000,0.49994,0.00052,0.99943,0.00003,0.00001
8.81250,0.49994,0.00056,0.99938,0.00004,0.00002
8.87500,0.49994,0.00042,0.99950,0.00006,0.00002
8.93750,0.49994,0.00046,0.99947,0.00007,0.00001
9.00000,0.49994,0.00055,0.99937,0.00007,0.00000
9.06250,0.49994,0.00079,0.99912,0.00009,0.00000
9.12500,0.49994,0.00105,0.99883,0.00012,0.00000
9.18750,0.49994,0.00107,0.99883,0.00010,0.00000
9.25000,0.49994,0.00208,0.99785,0.00007,0.00000
9.31250,0.49994,0.00194,0.99802,0.00004,0.00000
9.37500,0.49994,0.00451,0.99545,0.00004,0.00000
9.43750,0.49994,0.01030,0.98964,0.00005,0.00001
9.50000,0.49994,0.02473,0.97515,0.00005,0.00007
9.56250,0.49994,0.03206,0.96760,0.00006,0.00028
9.62500,0.49994,0.05145,0.94824,0.00006,0.00024
9.68750,0.49994,0.08913,0.91067,0.00006,0.00013
9.75000,0.49994,0.16842,0.83093,0.00012,0.00054
9.81250,0.49994,0.47229,0.52639,0.00027,0.00105
9.87500,0.49994,0.98071,0.01870,0.00004,0.00055
9.93750,0.49994,0.99656,0.00323,0.00002,0.00020
10.00000,0.49994,0.99974,0.00012,0.00001,0.00013
10.06250,0.49994,0.99999,0.00000,0.00000,0.00001
10.12500,0.49994,0.99998,0.00000,0.00000,0.00002
10.18750,0.49994,0.99998,0.00000,0.00000,0.00002
10.25000,0.49994,0.99998,0.00000,0.00000,0.00002
10.31250,0.49994,1.00000,0.00000,0.00000,0.00000
10.37500,0.49994,1.00000,0.00000,0.00000,0.00000
10.43750,0.49994,1.00000,0.00000,0.00000,0.00000
10.50000,0.49994,1.00000,0.00000,0.00000,0.00000
10.56250,0.49994,0.99997,0.00000,0.00000,0.00003
10.62500,0.49994,0.99995,0.00000,0.00000,0.00005
10.68750,0.49994,0.99996,0.00000,0.00000,0.00004
10.75000,0.49994,0.99990,0.00000,0.00000,0.00010
10.81250,0.49994,0.99941,0.00000,0.00000,0.00059
10.87500,0.49994,0.99978,0.00000,0.00000,0.00022
10.93750,0.49994,0.99989,0.00000,0.00000,0.00011
11.00000,0.49994,0.99989,0.00000,0.00000,0.00011
11.06250,0.49994,0.99972,0.00000,0.00000,0.00028
11.12500,0.49994,0.99835,0.00000,0.00000,0.00165
11.18750,0.49994,0.99657,0.00000,0.00000,0.00343
11.25000,0.49994,0.99890,0.00000,0.00000,0.00110
11.31250,0.49994,0.99938,0.00000,0.00000,0.00062
11.37500,0.49994,0.99970,0.00000,0.00000,0.00030
11.43750,0.49994,0.99950,0.00000,0.00000,0.00050
11.50000,0.49994,0.99960,0.00000,0.00000,0.00040
11.56250,0.49994,0.99997,0.00000,0.00000,0.00003
11.62500,0.49994,1.00000,0.00000,0.00000,0.00000
11.68750,0.49994,1.00000,0.00000,0.00000,0.00000
11.75000,0.49994,1.00000,0.00000,0.00000,0.00000
11.81250,0.49994,1.00000,0.00000,0.00000,0.00000
11.87500,0.49994,1.00000,0.00000,0.00000,0.00000
11.93750,0.49994,1.00000,0.00000,0.00000,0.00000
12.00000,0.49994,1.00000,0.00000,0.00000,0.00000
12.06250,0.49994,1.00000,0.00000,0.00000,0.00000
12.12500,0.49994,1.00000,0.00000,0.00000,0.00000
12.18750,0.49994,1.00000,0.00000,0.00000,0.00000
12.25000,0.49994,1.00000,0.00000,0.00000,0.00000
12.31250,0.49994,1.00000,0.00000,0.00000,0.00000
12.37500,0.49994,1.00000,0.00000,0.00000,0.00000
12.43750,0.49994,1.00000,0.00000,0.00000,0.00000
12.50000,0.49994,1.00000,0.00000,0.00000,0.00000
12.56250,0.49994,1.00000,0.00000,0.00000,0.00000
12.62500,0.49994,1.00000,0.00000,0.00000,0.00000
12.68750,0.49994,1.00000,0.00000,0.00000,0.00000
12.75000,0.49994,1.00000,0.00000,0.00000,0.00000
12.81250,0.49994,1.00000,0.00000,0.00000,0.00000
12.87500,0.49994,1.00000,0.00000,0.00000,0.00000
12.93750,0.49994,1.00000,0.00000,0.00000,0.00000
13.00000,0.49994,1.00000,0.00000,0.00000,0.00000
13.06250,0.49994,1.00000,0.00000,0.00000,0.00000
13.12500,0.49994,1.00000,0.00000,0.00000,0.00000
13.18750,0.49994,1.00000,0.00000,0.00000,0.00000
13.25000,0.49994,0.99997,0.00000,0.00000,0.00003
13.31250,0.49994,0.99998,0.00000,0.00000,0.00002
13.37500,0.49994,1.00000,0.00000,0.00000,0.00000
