Time (seconds), Duration (seconds),pred_unlabeled,pred_east,pred_north,pred_west
0.00000,0.49994,1.00000,0.00000,0.00000,0.00000
0.06250,0.49994,0.99872,0.00121,0.00007,0.00000
0.12500,0.49994,0.30430,0.69554,0.00016,0.00000
0.18750,0.49994,0.15173,0.84823,0.00004,0.00000
0.25000,0.49994,0.17162,0.82837,0.00002,0.00000
0.31250,0.49994,0.15275,0.84724,0.00001,0.00000
0.37500,0.49994,0.13007,0.86993,0.00001,0.00000
0.43750,0.49994,0.08418,0.91582,0.00000,0.00000
0.50000,0.49994,0.09422,0.90577,0.00001,0.00000
0.56250,0.49994,0.07752,0.92247,0.00000,0.00000
0.62500,0.49994,0.07799,0.92200,0.00001,0.00000
0.68750,0.49994,0.08296,0.91701,0.00003,0.00000
0.75000,0.49994,0.09144,0.90843,0.00013,0.00000
0.81250,0.49994,0.15048,0.84851,0.00100,0.00001
0.87500,0.49994,0.19938,0.78183,0.01874,0.00005
0.93750,0.49994,0.33634,0.59647,0.06713,0.00006
1.00000,0.49994,0.37186,0.62179,0.00631,0.00004
1.06250,0.49994,0.40222,0.59123,0.00651,0.00004
1.12500,0.49994,0.29377,0.70241,0.00378,0.00004
1.18750,0.49994,0.18074,0.81758,0.00165,0.00004
1.25000,0.49994,0.10808,0.89152,0.00036,0.00004
1.31250,0.49994,0.04827,0.95161,0.00008,0.00003
1.37500,0.49994,0.02396,0.97601,0.00001,0.00002
1.43750,0.49994,0.00817,0.99182,0.00000,0.00001
1.50000,0.49994,0.00369,0.99629,0.00001,0.00002
1.56250,0.49994,0.00121,0.99876,0.00001,0.00003
1.62500,0.49994,0.00089,0.99910,0.00000,0.00002
1.68750,0.49994,0.00066,0.99933,0.00000,0.00001
1.75000,0.49994,0.00050,0.99948,0.00000,0.00002
1.81250,0.49994,0.00054,0.99944,0.00000,0.00002
1.87500,0.49994,0.00065,0.99933,0.00000,0.00001
1.93750,0.49994,0.00080,0.99918,0.00000,0.00001
2.00000,0.49994,0.00105,0.99893,0.00000,0.00001
2.06250,0.49994,0.00205,0.99794,0.00000,0.00001
2.12500,0.49994,0.00236,0.99762,0.00001,0.00001
2.18750,0.49994,0.00374,0.99623,0.00002,0.00001
2.25000,0.49994,0.00761,0.99239,0.00000,0.00000
2.31250,0.49994,0.00862,0.99137,0.00000,0.00000
2.37500,0.49994,0.01033,0.98967,0.00000,0.00000
2.43750,0.49994,0.00926,0.99074,0.00000,0.00000
2.50000,0.49994,0.00946,0.99054,0.00000,0.00000
2.56250,0.49994,0.00717,0.99283,0.00000,0.00000
2.62500,0.49994,0.00685,0.99315,0.00000,0.00000
2.68750,0.49994,0.00506,0.99493,0.00000,0.00000
2.75000,0.49994,0.00268,0.99732,0.00000,0.00000
2.81250,0.49994,0.00168,0.99832,0.00000,0.00000
2.87500,0.49994,0.00086,0.99914,0.00000,0.00000
2.93750,0.49994,0.00063,0.99936,0.00000,0.00000
3.00000,0.49994,0.00031,0.99968,0.00000,0.00001
3.06250,0.49994,0.00031,0.99969,0.00000,0.00000
3.12500,0.49994,0.00020,0.99980,0.00000,0.00000
3.18750,0.49994,0.00031,0.99969,0.00000,0.00000
3.25000,0.49994,0.00028,0.99972,0.00000,0.00000
3.31250,0.49994,0.00029,0.99971,0.00000,0.00000
3.37500,0.49994,0.00034,0.99966,0.00000,0.00000
3.43750,0.49994,0.00037,0.99963,0.00000,0.00000
3.50000,0.49994,0.00060,0.99940,0.00000,0.00000
3.56250,0.49994,0.00079,0.99921,0.00000,0.00000
3.62500,0.49994,0.00154,0.99846,0.00000,0.00000
3.68750,0.49994,0.00144,0.99856,0.00000,0.00000
3.75000,0.49994,0.00221,0.99779,0.00000,0.00000
3.81250,0.49994,0.00595,0.99405,0.00000,0.00000
3.87500,0.49994,0.00815,0.99185,0.00000,0.00000
3.93750,0.49994,0.00938,0.99062,0.00000,0.00000
4.00000,0.49994,0.00646,0.99354,0.00000,0.00000
4.06250,0.49994,0.00403,0.99597,0.00000,0.00000
4.12500,0.49994,0.00275,0.99725,0.00000,0.00000
4.18750,0.49994,0.00181,0.99819,0.00000,0.00000
4.25000,0.49994,0.00117,0.99883,0.00000,0.00000
4.31250,0.49994,0.00050,0.99950,0.00000,0.00000
4.37500,0.49994,0.00037,0.99963,0.00000,0.00000
4.43750,0.49994,0.00038,0.99962,0.00000,0.00000
4.50000,0.49994,0.00059,0.99941,0.00000,0.00000
4.56250,0.49994,0.00069,0.99931,0.00000,0.00000
4.62500,0.49994,0.00074,0.99926,0.00000,0.00000
4.68750,0.49994,0.00125,0.99875,0.00000,0.00000
4.75000,0.49994,0.00216,0.99784,0.00000,0.00000
4.81250,0.49994,0.00514,0.99486,0.00000,0.00000
4.87500,0.49994,0.00873,0.99127,0.00000,0.00000
4.93750,0.49994,0.01065,0.98935,0.00000,0.00000
5.00000,0.49994,0.01154,0.98846,0.00000,0.00000
5.06250,0.49994,0.01965,0.98035,0.00000,0.00000
5.12500,0.49994,0.03840,0.96160,0.00000,0.00000
5.18750,0.49994,0.03854,0.96146,0.00000,0.00000
5.25000,0.49994,0.05397,0.94603,0.00000,0.00000
5.31250,0.49994,0.04375,0.95624,0.00000,0.00000
5.37500,0.49994,0.05006,0.94993,0.00000,0.00000
5.43750,0.49994,0.04093,0.95907,0.00000,0.00000
5.50000,0.49994,0.03687,0.96313,0.00000,0.00000
5.56250,0.49994,0.03284,0.96716,0.00000,0.00000
5.62500,0.49994,0.02016,0.97984,0.00000,0.00000
5.68750,0.49994,0.01835,0.98165,0.00000,0.00000
5.75000,0.49994,0.00890,0.99110,0.00000,0.00000
5.81250,0.49994,0.00794,0.99206,0.00000,0.00000
5.87500,0.49994,0.00482,0.99517,0.00000,0.00001
5.93750,0.49994,0.00433,0.99564,0.00000,0.00002
6.00000,0.49994,0.00472,0.99519,0.00005,0.00004
6.06250,0.49994,0.00452,0.99538,0.00007,0.00003
6.12500,0.49994,0.00663,0.99306,0.00026,0.00005
6.18750,0.49994,0.00733,0.99254,0.00011,0.00002
6.25000,0.49994,0.00958,0.99035,0.00007,0.00001
6.31250,0.49994,0.00963,0.99032,0.00004,0.00001
6.37500,0.49994,0.01171,0.98825,0.00003,0.00001
6.43750,0.49994,0.01812,0.98185,0.00003,0.00001
6.50000,0.49994,0.02544,0.97453,0.00002,0.00001
6.56250,0.49994,0.04466,0.95532,0.00001,0.00001
6.62500,0.49994,0.04723,0.95276,0.00001,0.00001
6.68750,0.49994,0.05406,0.94593,0.00001,0.00001
6.75000,0.49994,0.08256,0.91743,0.00000,0.00001
6.81250,0.49994,0.11019,0.88981,0.00000,0.00000
6.87500,0.49994,0.17257,0.82743,0.00000,0.00000
6.93750,0.49994,0.24960,0.75039,0.00000,0.00000
7.00000,0.49994,0.36012,0.63988,0.00000,0.00000
7.06250,0.49994,0.45658,0.54341,0.00000,0.00000
7.12500,0.49994,0.71547,0.28453,0.00001,0.00000
7.18750,0.49994,0.89231,0.10767,0.00002,0.00000
7.25000,0.49994,0.91993,0.07995,0.00012,0.00000
7.31250,0.49994,0.97091,0.02847,0.00061,0.00000
7.37500,0.49994,0.99607,0.00321,0.00072,0.00000
7.43750,0.49994,0.99766,0.00099,0.00135,0.00000
7.50000,0.49994,0.97958,0.00061,0.01981,0.00001
7.56250,0.49994,0.95508,0.00020,0.04470,0.00002
7.62500,0.49994,0.94187,0.00013,0.05796,0.00004
7.68750,0.49994,0.95535,0.00005,0.04455,0.00005
7.75000,0.49994,0.97590,0.00001,0.02408,0.00001
7.81250,0.49994,0.98928,0.00000,0.01071,0.00001
7.87500,0.49994,0.99471,0.00000,0.00529,0.00000
7.93750,0.49994,0.99823,0.00000,0.00177,0.00000
8.00000,0.49994,0.99972,0.00000,0.00028,0.00000
8.06250,0.49994,0.99982,0.00000,0.00018,0.00000
8.12500,0.49994,0.99998,0.00000,0.00002,0.00000
8.18750,0.49994,0.99999,0.00000,0.00001,0.00000
8.25000,0.49994,0.99999,0.00000,0.00001,0.00000
8.31250,0.49994,1.00000,0.00000,0.00000,0.00000
8.37500,0.49994,0.99999,0.00000,0.00001,0.00000
8.43750,0.49994,0.99998,0.00000,0.00002,0.00000
8.50000,0.49994,0.99992,0.00000,0.00008,0.00000
8.56250,0.49994,0.99984,0.00000,0.00016,0.00000
8.62500,0.49994,0.99877,0.00000,0.00123,0.00000
8.68750,0.49994,0.99854,0.00000,0.00146,0.00000
8.75000,0.49994,0.99679,0.00000,0.00321,0.00000
8.81250,0.49994,0.99464,0.00000,0.00536,0.00000
8.87500,0.49994,0.99281,0.00000,0.00718,0.00000
8.93750,0.49994,0.99092,0.00000,0.00908,0.00000
9.00000,0.49994,0.99229,0.00000,0.00771,0.00000
9.06250,0.49994,0.99322,0.00000,0.00678,0.00000
9.12500,0.49994,0.99518,0.00000,0.00482,0.00000
9.18750,0.49994,0.98989,0.00000,0.01011,0.00000
9.25000,0.49994,0.99407,0.00000,0.00592,0.00000
9.31250,0.49994,0.99286,0.00000,0.00713,0.00000
