Time (seconds), Duration (seconds),pred_unlabeled,pred_east,pred_north,pred_west
0.00000,0.49994,1.00000,0.00000,0.00000,0.00000
0.06250,0.49994,0.99999,0.00000,0.00000,0.00001
0.12500,0.49994,0.36623,0.00000,0.00000,0.63377
0.18750,0.49994,0.28304,0.00000,0.00000,0.71696
0.25000,0.49994,0.28452,0.00000,0.00000,0.71548
0.31250,0.49994,0.30864,0.00000,0.00000,0.69136
0.37500,0.49994,0.30994,0.00000,0.00000,0.69006
0.43750,0.49994,0.17086,0.00000,0.00000,0.82914
0.50000,0.49994,0.12133,0.00000,0.00000,0.87867
0.56250,0.49994,0.08181,0.00000,0.00000,0.91819
0.62500,0.49994,0.03924,0.00000,0.00000,0.96076
0.68750,0.49994,0.03157,0.00000,0.00000,0.96843
0.75000,0.49994,0.03542,0.00000,0.00000,0.96458
0.81250,0.49994,0.03324,0.00000,0.00001,0.96675
0.87500,0.49994,0.02441,0.00000,0.00001,0.97558
0.93750,0.49994,0.01502,0.00000,0.00001,0.98498
1.00000,0.49994,0.01875,0.00000,0.00001,0.98124
1.06250,0.49994,0.02064,0.00000,0.00002,0.97934
1.12500,0.49994,0.02356,0.00000,0.00001,0.97644
1.18750,0.49994,0.02352,0.00000,0.00000,0.97648
1.25000,0.49994,0.01681,0.00000,0.00000,0.98319
1.31250,0.49994,0.01032,0.00000,0.00000,0.98968
1.37500,0.49994,0.01019,0.00000,0.00000,0.98981
1.43750,0.49994,0.01073,0.00000,0.00000,0.98927
1.50000,0.49994,0.00687,0.00000,0.00000,0.99313
1.56250,0.49994,0.00633,0.00000,0.00000,0.99367
1.62500,0.49994,0.00619,0.00000,0.00000,0.99381
1.68750,0.49994,0.00720,0.00000,0.00000,0.99280
1.75000,0.49994,0.00762,0.00000,0.00000,0.99238
1.81250,0.49994,0.00621,0.00000,0.00000,0.99379
1.87500,0.49994,0.00480,0.00000,0.00000,0.99520
1.93750,0.49994,0.00409,0.00000,0.00000,0.99591
2.00000,0.49994,0.00423,0.00000,0.00000,0.99577
2.06250,0.49994,0.00423,0.00000,0.00000,0.99577
2.12500,0.49994,0.00446,0.00000,0.00000,0.99554
2.18750,0.49994,0.00435,0.00000,0.00000,0.99565
2.25000,0.49994,0.00423,0.00000,0.00000,0.99577
2.31250,0.49994,0.00522,0.00000,0.00000,0.99478
2.37500,0.49994,0.00699,0.00000,0.00000,0.99301
2.43750,0.49994,0.01070,0.00000,0.00000,0.98930
2.50000,0.49994,0.01062,0.00000,0.00000,0.98938
2.56250,0.49994,0.01199,0.00000,0.00000,0.98801
2.62500,0.49994,0.01178,0.00000,0.00000,0.98822
2.68750,0.49994,0.00935,0.00000,0.00000,0.99065
2.75000,0.49994,0.00434,0.00000,0.00000,0.99566
2.81250,0.49994,0.00363,0.00000,0.00000,0.99637
2.87500,0.49994,0.00344,0.00000,0.00000,0.99656
2.93750,0.49994,0.00259,0.00000,0.00000,0.99741
3.00000,0.49994,0.00175,0.00000,0.00000,0.99825
3.06250,0.49994,0.00093,0.00000,0.00000,0.99907
3.12500,0.49994,0.00067,0.00000,0.00000,0.99933
3.18750,0.49994,0.00106,0.00000,0.00000,0.99894
3.25000,0.49994,0.00174,0.00000,0.00000,0.99826
3.31250,0.49994,0.00186,0.00000,0.00000,0.99813
3.37500,0.49994,0.00236,0.00000,0.00001,0.99763
3.43750,0.49994,0.00211,0.00000,0.00000,0.99789
3.50000,0.49994,0.00246,0.00000,0.00001,0.99753
3.56250,0.49994,0.00382,0.00000,0.00001,0.99617
3.62500,0.49994,0.00391,0.00000,0.00001,0.99608
3.68750,0.49994,0.00299,0.00000,0.00001,0.99701
3.75000,0.49994,0.00325,0.00000,0.00000,0.99674
3.81250,0.49994,0.00286,0.00000,0.00000,0.99714
3.87500,0.49994,0.00189,0.00000,0.00000,0.99811
3.93750,0.49994,0.00201,0.00000,0.00000,0.99798
4.00000,0.49994,0.00186,0.00000,0.00000,0.99813
4.06250,0.49994,0.00152,0.00000,0.00000,0.99847
4.12500,0.49994,0.00120,0.00000,0.00000,0.99879
4.18750,0.49994,0.00054,0.00000,0.00000,0.99946
4.25000,0.49994,0.00036,0.00000,0.00000,0.99964
4.31250,0.49994,0.00041,0.00000,0.00000,0.99959
4.37500,0.49994,0.00053,0.00000,0.00000,0.99947
4.43750,0.49994,0.00097,0.00000,0.00000,0.99903
4.50000,0.49994,0.00179,0.00000,0.00000,0.99820
4.56250,0.49994,0.00183,0.00000,0.00000,0.99817
4.62500,0.49994,0.00270,0.00000,0.00000,0.99730
4.68750,0.49994,0.00311,0.00000,0.00000,0.99689
4.75000,0.49994,0.00285,0.00000,0.00000,0.99715
4.81250,0.49994,0.00403,0.00000,0.00000,0.99597
4.87500,0.49994,0.00377,0.00000,0.00000,0.99623
4.93750,0.49994,0.00445,0.00000,0.00000,0.99555
5.00000,0.49994,0.00306,0.00000,0.00000,0.99694
5.06250,0.49994,0.00221,0.00000,0.00000,0.99779
5.12500,0.49994,0.00107,0.00000,0.00000,0.99893
5.18750,0.49994,0.00089,0.00000,0.00000,0.99910
5.25000,0.49994,0.00064,0.00000,0.00000,0.99935
5.31250,0.49994,0.00044,0.00000,0.00000,0.99956
5.37500,0.49994,0.00032,0.00000,0.00000,0.99968
5.43750,0.49994,0.00020,0.00000,0.00000,0.99980
5.50000,0.49994,0.00013,0.00000,0.00000,0.99986
5.56250,0.49994,0.00025,0.00000,0.00000,0.99975
5.62500,0.49994,0.00042,0.00000,0.00000,0.99958
5.68750,0.49994,0.00047,0.00000,0.00000,0.99953
5.75000,0.49994,0.00074,0.00000,0.00000,0.99926
5.81250,0.49994,0.00078,0.00000,0.00000,0.99922
5.87500,0.49994,0.00135,0.00000,0.00000,0.99865
5.93750,0.49994,0.00172,0.00000,0.00000,0.99828
6.00000,0.49994,0.00232,0.00000,0.00000,0.99768
6.06250,0.49994,0.00218,0.00000,0.00000,0.99782
6.12500,0.49994,0.00341,0.00000,0.00000,0.99659
6.18750,0.49994,0.00409,0.00000,0.00000,0.99591
6.25000,0.49994,0.00520,0.00000,0.00000,0.99480
6.31250,0.49994,0.00842,0.00000,0.00000,0.99158
6.37500,0.49994,0.01122,0.00000,0.00000,0.98878
6.43750,0.49994,0.00703,0.00000,0.00000,0.99297
6.50000,0.49994,0.00761,0.00000,0.00000,0.99239
6.56250,0.49994,0.00633,0.00000,0.00000,0.99367
6.62500,0.49994,0.00488,0.00000,0.00000,0.99512
6.68750,0.49994,0.00801,0.00000,0.00000,0.99199
6.75000,0.49994,0.00675,0.00000,0.00000,0.99325
6.81250,0.49994,0.00371,0.00000,0.00000,0.99629
6.87500,0.49994,0.00260,0.00000,0.00000,0.99740
6.93750,0.49994,0.00586,0.00000,0.00000,0.99414
7.00000,0.49994,0.00615,0.00000,0.00000,0.99385
7.06250,0.49994,0.00863,0.00000,0.00000,0.99137
7.12500,0.49994,0.01189,0.00000,0.00000,0.98811
7.18750,0.49994,0.01151,0.00000,0.00000,0.98849
7.25000,0.49994,0.03252,0.00000,0.00000,0.96748
7.31250,0.49994,0.05005,0.00000,0.00000,0.94995
7.37500,0.49994,0.03963,0.00000,0.00000,0.96037
7.43750,0.49994,0.02555,0.00000,0.00000,0.97445
7.50000,0.49994,0.03074,0.00000,0.00000,0.96926
7.56250,0.49994,0.02230,0.00000,0.00000,0.97770
7.62500,0.49994,0.02365,0.00000,0.00000,0.97635
7.68750,0.49994,0.03010,0.00000,0.00000,0.96990
7.75000,0.49994,0.01559,0.00000,0.00000,0.98441
7.81250,0.49994,0.02505,0.00000,0.00000,0.97495
7.87500,0.49994,0.04756,0.00000,0.00000,0.95244
7.93750,0.49994,0.07049,0.00000,0.00000,0.92951
8.00000,0.49994,0.05399,0.00000,0.00000,0.94601
8.06250,0.49994,0.06366,0.00000,0.00000,0.93634
8.12500,0.49994,0.05527,0.00000,0.00000,0.94473
8.18750,0.49994,0.13556,0.00000,0.00000,0.86444
8.25000,0.49994,0.34741,0.00000,0.00000,0.65259
8.31250,0.49994,0.63293,0.00000,0.00000,0.36707
8.37500,0.49994,0.98126,0.00000,0.00000,0.01874
8.43750,0.49994,0.99793,0.00000,0.00000,0.00207
8.50000,0.49994,0.99962,0.00000,0.00000,0.00037
8.56250,0.49994,0.99998,0.00000,0.00000,0.00002
8.62500,0.49994,1.00000,0.00000,0.00000,0.00000
8.68750,0.49994,1.00000,0.00000,0.00000,0.00000
8.75000,0.49994,1.00000,0.00000,0.00000,0.00000
8.81250,0.49994,1.00000,0.00000,0.00000,0.00000
8.87500,0.49994,1.00000,0.00000,0.00000,0.00000
