Time (seconds), Duration (seconds),pred_unlabeled,pred_east,pred_north,pred_west
0.00000,0.49994,1.00000,0.00000,0.00000,0.00000
0.06250,0.49994,0.99935,0.00000,0.00003,0.00062
0.12500,0.49994,0.00041,0.00000,0.99640,0.00319
0.18750,0.49994,0.00008,0.00000,0.99871,0.00121
0.25000,0.49994,0.00002,0.00000,0.99940,0.00058
0.31250,0.49994,0.00001,0.00000,0.99949,0.00050
0.37500,0.49994,0.00001,0.00000,0.99976,0.00024
0.43750,0.49994,0.00000,0.00000,0.99984,0.00016
0.50000,0.49994,0.00000,0.00000,0.99990,0.00010
0.56250,0.49994,0.00000,0.00000,0.99993,0.00007
0.62500,0.49994,0.00000,0.00000,0.99994,0.00006
0.68750,0.49994,0.00000,0.00000,0.99991,0.00009
0.75000,0.49994,0.00000,0.00000,0.99981,0.00019
0.81250,0.49994,0.00000,0.00000,0.99972,0.00028
0.87500,0.49994,0.00000,0.00000,0.99974,0.00026
0.93750,0.49994,0.00000,0.00000,0.99962,0.00038
1.00000,0.49994,0.00000,0.00000,0.99936,0.00064
1.06250,0.49994,0.00000,0.00000,0.99917,0.00083
1.12500,0.49994,0.00000,0.00000,0.99897,0.00103
1.18750,0.49994,0.00000,0.00000,0.99872,0.00128
1.25000,0.49994,0.00000,0.00000,0.99910,0.00090
1.31250,0.49994,0.00000,0.00000,0.99929,0.00071
1.37500,0.49994,0.00000,0.00000,0.99924,0.00076
1.43750,0.49994,0.00000,0.00000,0.99950,0.00050
1.50000,0.49994,0.00000,0.00000,0.99954,0.00046
1.56250,0.49994,0.00000,0.00000,0.99951,0.00049
1.62500,0.49994,0.00000,0.00000,0.99967,0.00033
1.68750,0.49994,0.00000,0.00000,0.99982,0.00018
1.75000,0.49994,0.00000,0.00000,0.99967,0.00033
1.81250,0.49994,0.00000,0.00000,0.99953,0.00047
1.87500,0.49994,0.00000,0.00000,0.99843,0.00157
1.93750,0.49994,0.00000,0.00000,0.99725,0.00275
2.00000,0.49994,0.00000,0.00000,0.99692,0.00307
2.06250,0.49994,0.00000,0.00000,0.99387,0.00613
2.12500,0.49994,0.00001,0.00000,0.99052,0.00948
2.18750,0.49994,0.00001,0.00000,0.98088,0.01912
2.25000,0.49994,0.00001,0.00000,0.98259,0.01740
2.31250,0.49994,0.00001,0.00000,0.98541,0.01458
2.37500,0.49994,0.00001,0.00000,0.97682,0.02317
2.43750,0.49994,0.00001,0.00000,0.98605,0.01394
2.50000,0.49994,0.00002,0.00000,0.97881,0.02117
2.56250,0.49994,0.00001,0.00000,0.98610,0.01389
2.62500,0.49994,0.00001,0.00000,0.98756,0.01243
2.68750,0.49994,0.00001,0.00000,0.98965,0.01034
2.75000,0.49994,0.00001,0.00000,0.99440,0.00559
2.81250,0.49994,0.00000,0.00000,0.99562,0.00438
2.87500,0.49994,0.00000,0.00000,0.99934,0.00066
2.93750,0.49994,0.00000,0.00000,0.99952,0.00048
3.00000,0.49994,0.00000,0.00000,0.99989,0.00011
3.06250,0.49994,0.00000,0.00000,0.99995,0.00005
3.12500,0.49994,0.00000,0.00000,0.99997,0.00003
3.18750,0.49994,0.00000,0.00000,0.99999,0.00001
3.25000,0.49994,0.00000,0.00000,0.99999,0.00001
3.31250,0.49994,0.00000,0.00000,1.00000,0.00000
3.37500,0.49994,0.00000,0.00000,1.00000,0.00000
3.43750,0.49994,0.00000,0.00000,0.99999,0.00001
3.50000,0.49994,0.00000,0.00000,0.99998,0.00002
3.56250,0.49994,0.00000,0.00000,0.99996,0.00004
3.62500,0.49994,0.00000,0.00000,0.99997,0.00003
3.68750,0.49994,0.00000,0.00000,0.99991,0.00009
3.75000,0.49994,0.00000,0.00000,0.99981,0.00019
3.81250,0.49994,0.00000,0.00000,0.99985,0.00015
3.87500,0.49994,0.00000,0.00000,0.99952,0.00048
3.93750,0.49994,0.00000,0.00000,0.99979,0.00021
4.00000,0.49994,0.00000,0.00000,0.99990,0.00010
4.06250,0.49994,0.00000,0.00000,0.99994,0.00006
4.12500,0.49994,0.00000,0.00000,0.99993,0.00006
4.18750,0.49994,0.00000,0.00000,0.99997,0.00003
4.25000,0.49994,0.00000,0.00000,0.99997,0.00003
4.31250,0.49994,0.00000,0.00000,0.99997,0.00003
4.37500,0.49994,0.00000,0.00000,0.99997,0.00003
4.43750,0.49994,0.00000,0.00000,0.99996,0.00004
4.50000,0.49994,0.00000,0.00000,0.99996,0.00004
4.56250,0.49994,0.00000,0.00000,0.99995,0.00005
4.62500,0.49994,0.00000,0.00000,0.99995,0.00004
4.68750,0.49994,0.00001,0.00000,0.99994,0.00005
4.75000,0.49994,0.00001,0.00000,0.99992,0.00007
4.81250,0.49994,0.00003,0.00000,0.99982,0.00015
4.87500,0.49994,0.00004,0.00000,0.99971,0.00026
4.93750,0.49994,0.00006,0.00000,0.99946,0.00048
5.00000,0.49994,0.00006,0.00000,0.99906,0.00088
5.06250,0.49994,0.00018,0.00000,0.99747,0.00235
5.12500,0.49994,0.00021,0.00000,0.99512,0.00468
5.18750,0.49994,0.00065,0.00000,0.99053,0.00883
5.25000,0.49994,0.00129,0.00000,0.98624,0.01246
5.31250,0.49994,0.00178,0.00000,0.98472,0.01350
5.37500,0.49994,0.00316,0.00000,0.98063,0.01621
5.43750,0.49994,0.00394,0.00000,0.98613,0.00993
5.50000,0.49994,0.00557,0.00000,0.98661,0.00781
5.56250,0.49994,0.00578,0.00000,0.98839,0.00583
5.62500,0.49994,0.00676,0.00000,0.98749,0.00575
5.68750,0.49994,0.00482,0.00000,0.98860,0.00658
5.75000,0.49994,0.00273,0.00000,0.99092,0.00635
5.81250,0.49994,0.00283,0.00000,0.99172,0.00545
5.87500,0.49994,0.00393,0.00000,0.98540,0.01067
5.93750,0.49994,0.00379,0.00000,0.96050,0.03572
6.00000,0.49994,0.00323,0.00000,0.95956,0.03721
6.06250,0.49994,0.00328,0.00000,0.92318,0.07354
6.12500,0.49994,0.00406,0.00000,0.82510,0.17084
6.18750,0.49994,0.00448,0.00000,0.79444,0.20108
6.25000,0.49994,0.00840,0.00001,0.39157,0.60002
6.31250,0.49994,0.00839,0.00001,0.12574,0.86587
6.37500,0.49994,0.02086,0.00001,0.10793,0.87119
6.43750,0.49994,0.10258,0.00002,0.08343,0.81397
6.50000,0.49994,0.38598,0.00003,0.01732,0.59668
6.56250,0.49994,0.63641,0.00005,0.00464,0.35891
6.62500,0.49994,0.96437,0.00002,0.00078,0.03484
6.68750,0.49994,0.99907,0.00000,0.00000,0.00092
6.75000,0.49994,0.99999,0.00000,0.00000,0.00001
6.81250,0.49994,1.00000,0.00000,0.00000,0.00000
6.87500,0.49994,1.00000,0.00000,0.00000,0.00000
6.93750,0.49994,1.00000,0.00000,0.00000,0.00000
7.00000,0.49994,1.00000,0.00000,0.00000,0.00000
7.06250,0.49994,1.00000,0.00000,0.00000,0.00000
7.12500,0.49994,1.00000,0.00000,0.00000,0.00000
7.18750,0.49994,1.00000,0.00000,0.00000,0.00000
7.25000,0.49994,1.00000,0.00000,0.00000,0.00000
7.31250,0.49994,1.00000,0.00000,0.00000,0.00000
7.37500,0.49994,1.00000,0.00000,0.00000,0.00000
7.43750,0.49994,1.00000,0.00000,0.00000,0.00000
7.50000,0.49994,1.00000,0.00000,0.00000,0.00000
7.56250,0.49994,1.00000,0.00000,0.00000,0.00000
7.62500,0.49994,1.00000,0.00000,0.00000,0.00000
7.68750,0.49994,1.00000,0.00000,0.00000,0.00000
7.75000,0.49994,1.00000,0.00000,0.00000,0.00000
7.81250,0.49994,1.00000,0.00000,0.00000,0.00000
7.87500,0.49994,1.00000,0.00000,0.00000,0.00000
7.93750,0.49994,1.00000,0.00000,0.00000,0.00000
8.00000,0.49994,1.00000,0.00000,0.00000,0.00000
