Time (seconds), Duration (seconds),pred_unlabeled,pred_east,pred_north,pred_west
0.00000,0.49994,1.00000,0.00000,0.00000,0.00000
0.06250,0.49994,1.00000,0.00000,0.00000,0.00000
0.12500,0.49994,0.10711,0.89285,0.00004,0.00000
0.18750,0.49994,0.00192,0.99808,0.00000,0.00000
0.25000,0.49994,0.00149,0.99851,0.00000,0.00000
0.31250,0.49994,0.00143,0.99857,0.00000,0.00000
0.37500,0.49994,0.00129,0.99871,0.00000,0.00000
0.43750,0.49994,0.00144,0.99856,0.00000,0.00000
0.50000,0.49994,0.00123,0.99877,0.00000,0.00000
0.56250,0.49994,0.00123,0.99877,0.00000,0.00000
0.62500,0.49994,0.00132,0.99868,0.00000,0.00000
0.68750,0.49994,0.00147,0.99853,0.00000,0.00000
0.75000,0.49994,0.00203,0.99797,0.00000,0.00000
0.81250,0.49994,0.00184,0.99816,0.00000,0.00000
0.87500,0.49994,0.00140,0.99860,0.00000,0.00000
0.93750,0.49994,0.00148,0.99852,0.00000,0.00000
1.00000,0.49994,0.00146,0.99854,0.00000,0.00000
1.06250,0.49994,0.00136,0.99864,0.00000,0.00000
1.12500,0.49994,0.00093,0.99907,0.00000,0.00000
1.18750,0.49994,0.00068,0.99932,0.00000,0.00000
1.25000,0.49994,0.00066,0.99934,0.00000,0.00000
1.31250,0.49994,0.00059,0.99941,0.00001,0.00000
1.37500,0.49994,0.00066,0.99932,0.00002,0.00000
1.43750,0.49994,0.00049,0.99949,0.00002,0.00000
1.50000,0.49994,0.00056,0.99944,0.00001,0.00000
1.56250,0.49994,0.00063,0.99936,0.00001,0.00000
1.62500,0.49994,0.00069,0.99931,0.00001,0.00000
1.68750,0.49994,0.00096,0.99902,0.00001,0.00000
1.75000,0.49994,0.00064,0.99936,0.00000,0.00000
1.81250,0.49994,0.00073,0.99927,0.00000,0.00000
1.87500,0.49994,0.00082,0.99918,0.00000,0.00000
1.93750,0.49994,0.00111,0.99889,0.00000,0.00000
2.00000,0.49994,0.00106,0.99894,0.00000,0.00000
2.06250,0.49994,0.00125,0.99875,0.00000,0.00000
2.12500,0.49994,0.00113,0.99887,0.00000,0.00000
2.18750,0.49994,0.00109,0.99890,0.00000,0.00000
2.25000,0.49994,0.00091,0.99909,0.00000,0.00000
2.31250,0.49994,0.00106,0.99894,0.00000,0.00000
2.37500,0.49994,0.00089,0.99911,0.00000,0.00000
2.43750,0.49994,0.00082,0.99918,0.00000,0.00000
2.50000,0.49994,0.00095,0.99904,0.00000,0.00000
2.56250,0.49994,0.00082,0.99918,0.00000,0.00000
2.62500,0.49994,0.00072,0.99927,0.00000,0.00000
2.68750,0.49994,0.00047,0.99953,0.00000,0.00000
2.75000,0.49994,0.00055,0.99945,0.00000,0.00000
2.81250,0.49994,0.00054,0.99946,0.00001,0.00000
2.87500,0.49994,0.00064,0.99935,0.00000,0.00000
2.93750,0.49994,0.00069,0.99930,0.00000,0.00000
3.00000,0.49994,0.00061,0.99939,0.00000,0.00000
3.06250,0.49994,0.00039,0.99961,0.00000,0.00000
3.12500,0.49994,0.00048,0.99952,0.00000,0.00000
3.18750,0.49994,0.00071,0.99929,0.00000,0.00000
3.25000,0.49994,0.00079,0.99921,0.00000,0.00000
3.31250,0.49994,0.00076,0.99924,0.00000,0.00000
3.37500,0.49994,0.00047,0.99952,0.00000,0.00000
3.43750,0.49994,0.00055,0.99945,0.00000,0.00000
3.50000,0.49994,0.00064,0.99936,0.00000,0.00000
3.56250,0.49994,0.00078,0.99922,0.00000,0.00000
3.62500,0.49994,0.00083,0.99917,0.00000,0.00000
3.68750,0.49994,0.00122,0.99878,0.00000,0.00000
3.75000,0.49994,0.00146,0.99854,0.00000,0.00000
3.81250,0.49994,0.00172,0.99828,0.00000,0.00000
3.87500,0.49994,0.00287,0.99713,0.00000,0.00000
3.93750,0.49994,0.00229,0.99771,0.00000,0.00000
4.00000,0.49994,0.00181,0.99818,0.00000,0.00000
4.06250,0.49994,0.00211,0.99788,0.00000,0.00000
4.12500,0.49994,0.00177,0.99822,0.00000,0.00000
4.18750,0.49994,0.00131,0.99868,0.00001,0.00000
4.25000,0.49994,0.00134,0.99865,0.00001,0.00000
4.31250,0.49994,0.00184,0.99814,0.00001,0.00000
4.37500,0.49994,0.00189,0.99809,0.00002,0.00000
4.43750,0.49994,0.00179,0.99820,0.00001,0.00000
4.50000,0.49994,0.00133,0.99866,0.00001,0.00000
4.56250,0.49994,0.00085,0.99915,0.00000,0.00000
4.62500,0.49994,0.00052,0.99948,0.00000,0.00000
4.68750,0.49994,0.00053,0.99947,0.00000,0.00000
4.75000,0.49994,0.00043,0.99957,0.00000,0.00000
4.81250,0.49994,0.00022,0.99978,0.00000,0.00000
4.87500,0.49994,0.00016,0.99984,0.00000,0.00000
4.93750,0.49994,0.00030,0.99970,0.00000,0.00000
5.00000,0.49994,0.00049,0.99950,0.00000,0.00000
5.06250,0.49994,0.00058,0.99942,0.00000,0.00000
5.12500,0.49994,0.00074,0.99926,0.00000,0.00000
5.18750,0.49994,0.00076,0.99924,0.00000,0.00000
5.25000,0.49994,0.00072,0.99928,0.00000,0.00000
5.31250,0.49994,0.00096,0.99904,0.00000,0.00000
5.37500,0.49994,0.00134,0.99866,0.00000,0.00000
5.43750,0.49994,0.00084,0.99916,0.00000,0.00000
5.50000,0.49994,0.00076,0.99924,0.00000,0.00000
5.56250,0.49994,0.00101,0.99898,0.00000,0.00000
5.62500,0.49994,0.00205,0.99793,0.00002,0.00000
5.68750,0.49994,0.00277,0.99720,0.00002,0.00000
5.75000,0.49994,0.00387,0.99609,0.00004,0.00000
5.81250,0.49994,0.00376,0.99615,0.00009,0.00000
5.87500,0.49994,0.00390,0.99594,0.00016,0.00000
5.93750,0.49994,0.00516,0.99458,0.00026,0.00000
6.00000,0.49994,0.00726,0.99250,0.00023,0.00000
6.06250,0.49994,0.00791,0.99194,0.00014,0.00000
6.12500,0.49994,0.00752,0.99242,0.00005,0.00000
6.18750,0.49994,0.00565,0.99434,0.00001,0.00000
6.25000,0.49994,0.00515,0.99485,0.00001,0.00000
6.31250,0.49994,0.00559,0.99441,0.00000,0.00000
6.37500,0.49994,0.00536,0.99464,0.00000,0.00000
6.43750,0.49994,0.00404,0.99596,0.00000,0.00000
6.50000,0.49994,0.00454,0.99546,0.00000,0.00000
6.56250,0.49994,0.00637,0.99363,0.00000,0.00000
6.62500,0.49994,0.00626,0.99374,0.00000,0.00000
6.68750,0.49994,0.00955,0.99045,0.00000,0.00000
6.75000,0.49994,0.01373,0.98626,0.00000,0.00000
6.81250,0.49994,0.02129,0.97870,0.00001,0.00000
6.87500,0.49994,0.03347,0.96651,0.00002,0.00000
6.93750,0.49994,0.06245,0.93750,0.00005,0.00000
7.00000,0.49994,0.08584,0.91411,0.00006,0.00000
7.06250,0.49994,0.15345,0.84651,0.00005,0.00000
7.12500,0.49994,0.16432,0.83559,0.00008,0.00000
7.18750,0.49994,0.18462,0.81532,0.00007,0.00000
7.25000,0.49994,0.23702,0.76293,0.00005,0.00000
7.31250,0.49994,0.31461,0.68530,0.00009,0.00000
7.37500,0.49994,0.37083,0.62904,0.00014,0.00000
7.43750,0.49994,0.50472,0.49509,0.00019,0.00000
7.50000,0.49994,0.66353,0.33618,0.00030,0.00000
7.56250,0.49994,0.90642,0.09266,0.00092,0.00000
7.62500,0.49994,0.99982,0.00006,0.00012,0.00000
7.68750,0.49994,0.99988,0.00000,0.00012,0.00000
7.75000,0.49994,1.00000,0.00000,0.00000,0.00000
7.81250,0.49994,1.00000,0.00000,0.00000,0.00000
7.87500,0.49994,1.00000,0.00000,0.00000,0.00000
7.93750,0.49994,1.00000,0.00000,0.00000,0.00000
8.00000,0.49994,1.00000,0.00000,0.00000,0.00000
8.06250,0.49994,1.00000,0.00000,0.00000,0.00000
8.12500,0.49994,1.00000,0.00000,0.00000,0.00000
8.18750,0.49994,1.00000,0.00000,0.00000,0.00000
