Time (seconds), Duration (seconds),pred_unlabeled,pred_east,pred_north,pred_west
0.00000,0.49994,1.00000,0.00000,0.00000,0.00000
0.06250,0.49994,1.00000,0.00000,0.00000,0.00000
0.12500,0.49994,0.00001,0.00000,0.99998,0.00000
0.18750,0.49994,0.00000,0.00000,1.00000,0.00000
0.25000,0.49994,0.00000,0.00000,1.00000,0.00000
0.31250,0.49994,0.00000,0.00000,1.00000,0.00000
0.37500,0.49994,0.00001,0.00000,0.99999,0.00000
0.43750,0.49994,0.00003,0.00000,0.99996,0.00001
0.50000,0.49994,0.00018,0.00000,0.99980,0.00002
0.56250,0.49994,0.00078,0.00000,0.99920,0.00002
0.62500,0.49994,0.00098,0.00000,0.99899,0.00003
0.68750,0.49994,0.00046,0.00000,0.99953,0.00001
0.75000,0.49994,0.00062,0.00000,0.99937,0.00001
0.81250,0.49994,0.00023,0.00000,0.99977,0.00000
0.87500,0.49994,0.00004,0.00000,0.99996,0.00001
0.93750,0.49994,0.00001,0.00000,0.99998,0.00000
1.00000,0.49994,0.00000,0.00000,0.99999,0.00000
1.06250,0.49994,0.00000,0.00000,1.00000,0.00000
1.12500,0.49994,0.00000,0.00000,1.00000,0.00000
1.18750,0.49994,0.00000,0.00001,0.99999,0.00000
1.25000,0.49994,0.00000,0.00001,0.99999,0.00000
1.31250,0.49994,0.00000,0.00001,0.99999,0.00000
1.37500,0.49994,0.00000,0.00000,1.00000,0.00000
1.43750,0.49994,0.00000,0.00000,1.00000,0.00000
1.50000,0.49994,0.00000,0.00000,1.00000,0.00000
1.56250,0.49994,0.00000,0.00001,0.99999,0.00000
1.62500,0.49994,0.00000,0.00001,0.99999,0.00000
1.68750,0.49994,0.00000,0.00001,0.99999,0.00000
1.75000,0.49994,0.00000,0.00001,0.99999,0.00000
1.81250,0.49994,0.00001,0.00000,0.99999,0.00000
1.87500,0.49994,0.00001,0.00000,0.99999,0.00000
1.93750,0.49994,0.00001,0.00000,0.99999,0.00000
2.00000,0.49994,0.00001,0.00000,0.99999,0.00000
2.06250,0.49994,0.00001,0.00000,0.99999,0.00000
2.12500,0.49994,0.00002,0.00000,0.99998,0.00000
2.18750,0.49994,0.00001,0.00000,0.99999,0.00000
2.25000,0.49994,0.00000,0.00000,1.00000,0.00000
2.31250,0.49994,0.00000,0.00000,1.00000,0.00000
2.37500,0.49994,0.00000,0.00000,1.00000,0.00000
2.43750,0.49994,0.00000,0.00000,1.00000,0.00000
2.50000,0.49994,0.00000,0.00000,1.00000,0.00000
2.56250,0.49994,0.00000,0.00000,1.00000,0.00000
2.62500,0.49994,0.00000,0.00000,1.00000,0.00000
2.68750,0.49994,0.00000,0.00000,1.00000,0.00000
2.75000,0.49994,0.00000,0.00000,1.00000,0.00000
2.81250,0.49994,0.00000,0.00000,1.00000,0.00000
2.87500,0.49994,0.00000,0.00000,1.00000,0.00000
2.93750,0.49994,0.00000,0.00000,1.00000,0.00000
3.00000,0.49994,0.00000,0.00000,1.00000,0.00000
3.06250,0.49994,0.00000,0.00000,1.00000,0.00000
3.12500,0.49994,0.00000,0.00000,1.00000,0.00000
3.18750,0.49994,0.00000,0.00000,1.00000,0.00000
3.25000,0.49994,0.00000,0.00000,0.99999,0.00001
3.31250,0.49994,0.00000,0.00000,0.99996,0.00004
3.37500,0.49994,0.00000,0.00000,0.99999,0.00001
3.43750,0.49994,0.00001,0.00000,0.99999,0.00000
3.50000,0.49994,0.00002,0.00000,0.99998,0.00000
3.56250,0.49994,0.00007,0.00000,0.99993,0.00000
3.62500,0.49994,0.00005,0.00000,0.99995,0.00000
3.68750,0.49994,0.00004,0.00000,0.99996,0.00000
3.75000,0.49994,0.00002,0.00000,0.99998,0.00000
3.81250,0.49994,0.00002,0.00000,0.99998,0.00000
3.87500,0.49994,0.00001,0.00000,0.99999,0.00000
3.93750,0.49994,0.00001,0.00000,0.99999,0.00000
4.00000,0.49994,0.00000,0.00000,1.00000,0.00000
4.06250,0.49994,0.00000,0.00000,1.00000,0.00000
4.12500,0.49994,0.00000,0.00000,1.00000,0.00000
4.18750,0.49994,0.00000,0.00000,0.99999,0.00001
4.25000,0.49994,0.00000,0.00001,0.99998,0.00002
4.31250,0.49994,0.00000,0.00001,0.99998,0.00001
4.37500,0.49994,0.00000,0.00001,0.99998,0.00001
4.43750,0.49994,0.00000,0.00003,0.99996,0.00002
4.50000,0.49994,0.00000,0.00001,0.99999,0.00000
4.56250,0.49994,0.00000,0.00001,0.99999,0.00000
4.62500,0.49994,0.00001,0.00001,0.99999,0.00000
4.68750,0.49994,0.00008,0.00002,0.99991,0.00000
4.75000,0.49994,0.00032,0.00001,0.99967,0.00000
4.81250,0.49994,0.00054,0.00001,0.99945,0.00000
4.87500,0.49994,0.00100,0.00000,0.99900,0.00000
4.93750,0.49994,0.00493,0.00000,0.99507,0.00000
5.00000,0.49994,0.00412,0.00000,0.99588,0.00000
5.06250,0.49994,0.00715,0.00000,0.99285,0.00000
5.12500,0.49994,0.00889,0.00000,0.99111,0.00000
5.18750,0.49994,0.00996,0.00000,0.99004,0.00000
5.25000,0.49994,0.01760,0.00000,0.98240,0.00000
5.31250,0.49994,0.10765,0.00000,0.89235,0.00000
5.37500,0.49994,0.62145,0.00000,0.37855,0.00000
5.43750,0.49994,0.91056,0.00000,0.08944,0.00000
5.50000,0.49994,0.99542,0.00000,0.00458,0.00000
5.56250,0.49994,0.99992,0.00000,0.00008,0.00000
5.62500,0.49994,1.00000,0.00000,0.00000,0.00000
5.68750,0.49994,1.00000,0.00000,0.00000,0.00000
5.75000,0.49994,1.00000,0.00000,0.00000,0.00000
5.81250,0.49994,1.00000,0.00000,0.00000,0.00000
5.87500,0.49994,1.00000,0.00000,0.00000,0.00000
5.93750,0.49994,1.00000,0.00000,0.00000,0.00000
6.00000,0.49994,1.00000,0.00000,0.00000,0.00000
6.06250,0.49994,1.00000,0.00000,0.00000,0.00000
6.12500,0.49994,1.00000,0.00000,0.00000,0.00000
6.18750,0.49994,1.00000,0.00000,0.00000,0.00000
6.25000,0.49994,1.00000,0.00000,0.00000,0.00000
6.31250,0.49994,1.00000,0.00000,0.00000,0.00000
6.37500,0.49994,1.00000,0.00000,0.00000,0.00000
6.43750,0.49994,1.00000,0.00000,0.00000,0.00000
6.50000,0.49994,1.00000,0.00000,0.00000,0.00000
6.56250,0.49994,1.00000,0.00000,0.00000,0.00000
6.62500,0.49994,1.00000,0.00000,0.00000,0.00000
6.68750,0.49994,1.00000,0.00000,0.00000,0.00000
6.75000,0.49994,1.00000,0.00000,0.00000,0.00000
6.81250,0.49994,1.00000,0.00000,0.00000,0.00000
6.87500,0.49994,1.00000,0.00000,0.00000,0.00000
6.93750,0.49994,1.00000,0.00000,0.00000,0.00000
7.00000,0.49994,1.00000,0.00000,0.00000,0.00000
7.06250,0.49994,1.00000,0.00000,0.00000,0.00000
7.12500,0.49994,1.00000,0.00000,0.00000,0.00000
7.18750,0.49994,1.00000,0.00000,0.00000,0.00000
